x y
1.0 16.761133
1.0 16.761133
0.997778 16.741514
-0.997778 -2.0286512
0.997778 16.740112
-0.997778 -2.03096
-0.988889 -1.9387655
0.988889 16.661852
0.971111 16.483845
-0.988889 -1.9549999
-0.973333 -1.7808609
0.962222 16.426786
-0.973333 -1.8090429
-0.951111 -1.5977402
-0.946667 -1.5502625
-0.897778 -1.1378574
0.915556 15.981009
-0.835556 -0.4969678
0.797778 14.864624
0.771111 14.619177
-0.191111 5.642584
-0.546667 2.3018837
-0.306667 4.4576254
0.226667 9.536658
-0.231111 5.1909237
0.22 9.464311
-0.0355556 7.078868
0.177778 9.013027
0.266667 9.877929
0.0111111 7.4575915
-0.113333 6.3105183
0.0622222 7.94825
0.0288889 7.4593563
-0.0555556 6.731843
0.0222222 7.621285
-0.108889 6.2704268
-0.131111 5.9831734
0.133333 8.521144
-0.0266667 7.227575
0.00888889 7.5051904
1.0 16.761133
1.0 16.761133
-0.995556 -2.012661
-0.997778 -2.028016
-0.993333 -1.987093
-0.986667 -1.9192886
-0.991111 -1.9611559
-0.991111 -1.9720802
0.968889 16.45597
0.971111 16.475407
-0.977778 -1.8541822
-0.975556 -1.8484249
0.964444 16.409348
0.955556 16.346115
0.957778 16.365917
-0.915556 -1.224968
-0.895556 -1.082016
-0.844444 -0.58619785
0.875556 15.583266
0.795556 14.883772
0.782222 14.697374
-0.266667 4.7505283
0.197778 9.229225
0.0266667 7.6972136
-0.215556 5.2285557
0.246667 9.578973
-0.00444444 7.206387
-0.375556 3.7839715
0.157778 8.929442
-0.288889 4.686208
-0.0288889 7.1370015
-0.0311111 7.1002584
-0.0888889 6.419209
0.0133333 7.512204
0.126667 8.535605
0.0666667 7.849948
-0.0288889 7.0265193
-0.1 6.431187
-0.191111 5.3872924
-0.142222 6.0874267
-1.0 -2.0521317
0.995556 16.71988
-0.997778 -2.0339584
-1.0 -2.0521317
-0.993333 -1.9777784
0.993333 16.697079
-0.995556 -2.0163622
0.988889 16.65137
-0.98 -1.8623238
0.966667 16.427792
-0.964444 -1.7461805
-0.964444 -1.6916656
0.964444 16.438618
-0.933333 -1.4117327
0.962222 16.404203
-0.904444 -1.1195145
-0.913333 -1.23038
-0.853333 -0.6397519
-0.851111 -0.6546192
-0.853333 -0.67617416
0.253333 9.671232
0.0933333 8.092183
-0.202222 5.4514046
0.184444 9.102976
-0.344444 4.010413
0.273333 9.932362
-0.191111 5.5347624
-0.186667 5.5430694
-0.0466667 6.9830346
0.00888889 7.473354
0.0955556 8.146107
0.08 8.17845
0.0866667 8.024677
0.0466667 7.870894
0.166667 8.7961235
0.18 9.0705385
0.0266667 7.5805426
-0.0688889 6.6405034
0.0733333 8.016694
-0.124444 6.1501517
1.0 16.761133
0.997778 16.743088
-0.997778 -2.0320768
0.995556 16.730886
1.0 16.761133
-0.993333 -1.989439
-0.991111 -1.9801512
-0.991111 -1.9744139
-0.984444 -1.903697
-0.98 -1.8640089
0.971111 16.488823
-0.96 -1.6633463
0.966667 16.442537
0.915556 15.978922
-0.882222 -0.9551945
0.94 16.209164
0.871111 15.557346
0.886667 15.680549
-0.773333 0.07247639
-0.695556 0.7559047
-0.355556 4.012598
0.206667 9.333801
0.542222 12.361994
0.437778 11.369802
-0.153333 5.8358774
0.0644444 7.8971725
-0.155556 5.9232645
-0.226667 5.1544
0.251111 9.678333
0.126667 8.547645
0.0533333 7.9380765
0.213333 9.459857
0.0822222 8.142449
-0.14 6.104882
0.146667 8.616842
0.0711111 8.059729
-0.106667 6.2678833
0.00444444 7.2799907
0.06 7.780008
0.111111 8.388552
-1.0 -2.0521317
-0.997778 -2.034624
0.997778 16.737566
-0.995556 -2.011098
0.995556 16.722668
0.993333 16.693882
-0.988889 -1.948555
-0.993333 -1.9886875
-0.991111 -1.966445
-0.982222 -1.8700829
-0.966667 -1.7403402
-0.962222 -1.6877432
-0.964444 -1.6982746
-0.944444 -1.5140095
-0.962222 -1.6957703
0.942222 16.215477
-0.844444 -0.54708195
-0.831111 -0.4980626
-0.771111 0.11185837
0.817778 15.068825
-0.297778 4.599474
-0.773333 0.12676668
-0.548889 2.2194333
0.311111 10.363751
-0.484444 2.7921062
-0.251111 4.996931
0.24 9.688659
-0.0711111 6.656315
-0.0244444 7.0489473
-0.197778 5.4763165
0.00666667 7.396106
-0.0488889 6.933633
0.0311111 7.561733
0.1 8.329141
0.0311111 7.6190624
0.0311111 7.7493167
0.206667 9.286995
0.0533333 7.732354
-0.0177778 7.206539
-0.0266667 7.1513
-0.997778 -2.0279446
-1.0 -2.0521317
-0.995556 -2.0068245
0.993333 16.701828
0.993333 16.708431
-0.995556 -2.0128784
-0.984444 -1.9009295
0.98 16.553713
0.995556 16.710106
0.991111 16.67454
-0.982222 -1.8794365
0.975556 16.552448
-0.96 -1.6825542
0.922222 16.026009
0.906667 15.858405
-0.935556 -1.4649172
0.964444 16.42166
0.864444 15.482258
0.813333 14.928656
0.388889 11.053429
-0.482222 2.808648
-0.146667 6.0623407
0.435556 11.42016
-0.373333 3.8590906
0.102222 8.424702
0.282222 9.965265
0.215556 9.389201
0.0955556 8.209791
-0.06 6.9141855
0.0355556 7.7070217
0.193333 9.151976
0.0666667 7.965311
0.0222222 7.5467515
-0.0533333 6.9497876
-0.115556 6.215349
0.111111 8.421856
0.0644444 7.8933306
-0.0288889 7.0596757
0.0333333 7.695656
-0.0222222 7.175341
1.0 16.761133
0.995556 16.713913
-1.0 -2.0521317
-0.997778 -2.0330677
-1.0 -2.0521317
-0.995556 -2.021946
-0.986667 -1.9290533
-0.975556 -1.8209343
-0.984444 -1.9011354
0.988889 16.651985
-0.977778 -1.8366928
0.964444 16.42546
-0.975556 -1.8480206
0.915556 15.92866
-0.893333 -0.99966526
0.88 15.651784
0.951111 16.30341
-0.851111 -0.6589699
0.826667 15.101969
0.895556 15.763383
-0.233333 5.16394
-0.408889 3.5608451
0.588889 12.916062
0.397778 11.172784
-0.22 5.3398514
-0.486667 2.7606044
-0.277778 4.841754
-0.0222222 7.018523
-0.0911111 6.536267
0.0155556 7.4640613
0.206667 9.266659
-0.0444444 6.926376
-0.108889 6.3209925
0.155556 8.841478
-0.0777778 6.5014277
0.00222222 7.3280506
-0.104444 6.3583064
0.104444 8.372893
-0.0177778 7.083705
0.14 8.649734
-0.997778 -2.0315723
-0.997778 -2.0318222
0.997778 16.737377
0.997778 16.737776
1.0 16.761133
-0.997778 -2.0266714
0.993333 16.693195
0.991111 16.683807
-0.98 -1.8577223
0.968889 16.474157
0.993333 16.684135
0.951111 16.271221
-0.937778 -1.4551125
-0.957778 -1.6454611
-0.897778 -1.1070557
-0.94 -1.4969397
-0.877778 -0.8745861
-0.904444 -1.1246977
-0.9 -1.1498737
0.78 14.725363
-0.306667 4.4269743
0.304444 10.2805395
-0.204444 5.3083105
-0.184444 5.7147427
-0.0333333 7.035702
-0.206667 5.3304644
0.104444 8.446776
0.0644444 7.8797226
-0.128889 6.2303185
-0.06 6.6238585
0.0311111 7.7356606
0.135556 8.607716
0.122222 8.447397
-0.0622222 6.7048135
0.202222 9.34723
0.0177778 7.503159
-0.0733333 6.6270914
0.146667 8.820735
0.0577778 7.9336596
0.0755556 8.123104
-1.0 -2.0521317
0.997778 16.744743
1.0 16.761133
0.995556 16.717236
-0.991111 -1.9529705
-0.988889 -1.9503365
0.984444 16.6266
0.993333 16.699219
0.991111 16.678635
0.986667 16.634512
0.98 16.591068
-0.982222 -1.8669176
0.966667 16.413261
0.922222 15.961121
0.928889 16.072338
0.92 16.004108
0.884444 15.688126
0.886667 15.7225
-0.873333 -0.83285904
-0.795556 -0.11295462
-0.266667 4.8619604
0.151111 8.701854
-0.24 5.0724382
-0.213333 5.3410287
0.0288889 7.401447
-0.193333 5.5244427
-0.226667 5.1009645
-0.02 7.0818324
0.0266667 7.570145
0.0911111 8.349144
0.0955556 8.306448
-0.0133333 7.2172394
-0.0644444 6.743828
0.0622222 7.999379
0.0177778 7.5477843
-0.168889 5.647664
-0.0911111 6.4306164
-0.0222222 7.225053
-0.0488889 6.8692355
-0.111111 6.2558503
-1.0 -2.0521317
-0.991111 -1.9695454
0.997778 16.742855
-1.0 -2.0521317
-0.997778 -2.0337076
0.995556 16.712513
-0.993333 -1.9913044
-0.98 -1.8649168
-0.991111 -1.9701462
0.988889 16.657993
-0.984444 -1.9087172
-0.973333 -1.8103218
-0.948889 -1.5984383
-0.973333 -1.794344
0.933333 16.181105
0.886667 15.671211
-0.897778 -1.036335
-0.913333 -1.201725
0.895556 15.760024
-0.673333 1.0984921
-0.686667 0.9535084
0.662222 13.642958
0.0244444 7.5143967
-0.155556 5.899158
-0.0555556 6.858188
-0.104444 6.4953737
-0.0288889 7.1205106
0.0133333 7.6164823
-0.0555556 6.800268
0.284444 9.95284
-0.0822222 6.634781
-0.115556 6.251366
-0.182222 5.60583
-0.0333333 7.0132246
-0.0311111 7.0694423
-0.291111 4.548725
-0.166667 5.741596
-0.175556 5.648156
-0.102222 6.2683105
0.0511111 7.9545774
-1.0 -2.0521317
1.0 16.761133
-0.995556 -2.0089188
0.997778 16.734531
-0.997778 -2.0366688
-0.997778 -2.0246725
0.988889 16.644089
-0.991111 -1.9653311
-0.986667 -1.9208603
-0.984444 -1.9124107
-0.988889 -1.9486217
0.971111 16.507349
0.971111 16.491352
-0.931111 -1.3875322
-0.937778 -1.4206743
-0.944444 -1.5310535
0.935556 16.158056
0.913333 15.916695
0.731111 14.264067
0.78 14.7176285
-0.66 1.1621108
-0.0266667 7.0327864
0.0111111 7.428118
-0.155556 6.0493593
-0.251111 4.8898935
-0.215556 5.4421377
0.0777778 8.005253
-0.0822222 6.6055827
0.00222222 7.3666873
-0.193333 5.5937376
0.0422222 7.8041973
-0.0177778 7.247664
0.135556 8.700894
-0.0155556 7.139474
-0.0355556 7.081566
-0.0577778 6.9025755
0.08 8.132316
0.0911111 8.125158
-0.142222 5.9699726
0.00444444 7.3513474
-1.0 -2.0521317
1.0 16.761133
1.0 16.761133
0.997778 16.739897
-0.997778 -2.0258389
-0.995556 -2.0034332
-0.997778 -2.02804
0.986667 16.632936
-0.991111 -1.9662609
0.984444 16.62304
-0.957778 -1.6463184
-0.98 -1.873415
-0.977778 -1.8427725
-0.966667 -1.7533712
-0.96 -1.6744299
-0.873333 -0.8185406
0.915556 15.9417095
-0.853333 -0.7199354
0.797778 14.934429
0.791111 14.788512
-0.728889 0.46462822
-0.717778 0.55381536
0.502222 12.125172
-0.00888889 7.2685323
0.397778 11.013144
0.137778 8.601998
-0.0466667 6.846669
0.0311111 7.5255866
-0.04 7.0024447
-0.202222 5.4831467
0.0933333 8.235407
0.14 8.772657
-0.122222 6.182416
0.0422222 7.675353
-0.0688889 6.674199
0.0511111 7.726303
-0.151111 5.8734426
-0.06 6.7680364
0.0444444 7.6746454
-0.157778 5.878398
0.997778 16.741577
1.0 16.761133
1.0 16.761133
1.0 16.761133
0.995556 16.717499
-0.993333 -1.9866915
-0.988889 -1.9556274
-0.997778 -2.0179443
0.982222 16.600021
-0.991111 -1.9624472
0.964444 16.425882
-0.973333 -1.8016615
-0.968889 -1.7398138
0.964444 16.442505
-0.94 -1.4759197
0.955556 16.340412
-0.917778 -1.2748098
0.871111 15.545591
0.842222 15.331311
0.706667 14.078346
-0.113333 6.4880934
0.371111 10.95585
0.128889 8.546124
-0.0555556 6.7164817
-0.0133333 7.1705723
0.444444 11.494871
0.00888889 7.2582617
-0.0977778 6.554884
-0.295556 4.649287
-0.231111 5.061985
-0.12 6.226914
-0.0511111 6.8482
-0.115556 6.190034
-0.04 7.060422
-0.122222 6.2441764
-0.148889 5.894705
0.0911111 8.051317
-0.113333 6.28993
0.0822222 8.226956
-0.0355556 7.0312257
-1.0 -2.0521317
-0.995556 -2.005084
-1.0 -2.0521317
-1.0 -2.0521317
0.995556 16.722061
-0.995556 -2.0158052
-0.991111 -1.9545279
-0.995556 -2.006589
-0.982222 -1.8928127
0.988889 16.641651
-0.942222 -1.5297651
-0.953333 -1.6052275
0.964444 16.445358
0.942222 16.219196
0.92 16.062967
-0.931111 -1.414238
-0.926667 -1.3241501
0.924444 16.03172
0.886667 15.706324
-0.782222 0.051054
-0.471111 2.9129882
0.273333 9.898419
-0.324444 4.1862316
0.204444 9.336573
0.628889 13.269686
-0.0622222 6.8023605
0.315556 10.403139
-0.231111 5.0998163
-0.213333 5.2191324
0.0222222 7.5401335
-0.128889 6.1837635
-0.0355556 6.9831705
0.0822222 8.143684
0.00666667 7.3609724
0.0955556 8.214909
-0.0355556 7.2506466
0.144444 8.721114
-0.0866667 6.483304
0.162222 8.855042
0.0244444 7.5166206
0.997778 16.738285
1.0 16.761133
-1.0 -2.0521317
-1.0 -2.0521317
0.997778 16.739408
-0.991111 -1.9729033
0.995556 16.721685
0.993333 16.698671
-0.995556 -2.0190191
-0.995556 -2.0031996
-0.98 -1.8595905
0.966667 16.437098
-0.953333 -1.5827713
-0.946667 -1.554965
0.942222 16.229378
0.902222 15.810548
0.902222 15.84869
0.853333 15.358736
0.724444 14.175283
-0.591111 1.8009262
-0.495556 2.6366844
0.188889 9.239373
-0.271111 4.843472
0.277778 9.909601
-0.175556 5.70524
-0.104444 6.401002
-0.0555556 6.906152
-0.0311111 7.0084043
0.124444 8.467746
-0.271111 4.7769384
0.117778 8.534897
0.0377778 7.67358
-0.0844444 6.6179247
-0.0844444 6.497272
0.0755556 8.165688
0.0888889 8.113607
0.00888889 7.339314
-0.12 6.2415724
0.08 8.129848
0.00222222 7.3787856
1.0 16.761133
0.997778 16.743261
-1.0 -2.0521317
-1.0 -2.0521317
0.997778 16.749128
-0.988889 -1.9531298
0.991111 16.675453
-0.993333 -1.9890327
0.991111 16.68561
-0.982222 -1.878912
-0.964444 -1.6951447
0.982222 16.58687
-0.968889 -1.7672911
-0.964444 -1.6894703
0.926667 16.08564
0.906667 15.940218
0.915556 15.976915
-0.886667 -0.97339153
-0.811111 -0.2847829
0.153333 8.895704
-0.604444 1.6851039
0.357778 10.62008
0.497778 12.017832
-0.0333333 7.009507
0.0911111 8.206236
0.284444 10.047202
-0.0755556 6.6232677
-0.0755556 6.6113615
-0.00666667 7.259814
0.182222 8.948295
-0.211111 5.2842035
0.02 7.4995117
0.0866667 8.226485
0.171111 8.913767
-0.182222 5.760519
0.0222222 7.66159
-0.0288889 6.954062
-0.117778 6.1716366
0.0577778 7.7938695
-0.0133333 7.120108
1.0 16.761133
-0.997778 -2.0303593
0.995556 16.714119
1.0 16.761133
-0.995556 -2.0127907
-0.991111 -1.9580011
-0.997778 -2.0231724
-0.993333 -1.9930506
-0.991111 -1.9713039
-0.984444 -1.9026432
0.977778 16.55032
-0.977778 -1.8262987
-0.962222 -1.7184982
0.96 16.410774
0.944444 16.257122
0.951111 16.288551
0.924444 16.05735
0.884444 15.67795
-0.842222 -0.5897913
0.664444 13.573269
-0.788889 -0.02268076
0.78 14.6966095
0.484444 11.887451
0.284444 9.99225
-0.433333 3.2536378
-0.271111 4.845974
0.137778 8.700156
0.0311111 7.7698703
0.0444444 7.7928123
-0.122222 6.4046917
0.0711111 7.963048
-0.0133333 7.2900934
-0.144444 5.9611607
0.00222222 7.3615437
0.00666667 7.2202764
0.128889 8.608156
-0.0377778 6.945733
0.175556 9.060925
0.0133333 7.484683
0.0222222 7.444144
-0.997778 -2.0353336
1.0 16.761133
-1.0 -2.0521317
1.0 16.761133
0.993333 16.695656
-0.995556 -2.0238743
0.993333 16.69754
-0.991111 -1.964921
0.991111 16.674168
0.984444 16.620537
0.982222 16.579891
0.968889 16.47126
0.946667 16.267906
-0.966667 -1.7502117
0.96 16.378809
-0.908889 -1.1434269
-0.884444 -1.009718
0.804444 14.928669
-0.862222 -0.7824793
-0.757778 0.27074862
-0.533333 2.4201221
-0.253333 5.0166397
0.248889 9.635202
-0.151111 5.977011
0.111111 8.364374
-0.282222 4.837694
0.00444444 7.371344
0.308889 10.252225
-0.148889 5.862283
-0.253333 4.9561195
-0.0644444 6.723868
0.171111 8.989356
-0.0133333 7.240999
-0.122222 6.1244655
-0.00666667 7.3193145
-0.135556 6.010379
-0.0933333 6.4683447
0.0822222 8.045219
0.0577778 7.8874917
-0.126667 6.2701755
-1.0 -2.0521317
-1.0 -2.0521317
0.997778 16.744858
-0.986667 -1.9181232
0.993333 16.693882
0.991111 16.673046
0.988889 16.648302
0.984444 16.61555
-0.984444 -1.8983517
-0.971111 -1.7972937
0.991111 16.680988
-0.982222 -1.8845863
0.98 16.57882
0.924444 16.060263
-0.948889 -1.5581055
-0.926667 -1.3942299
-0.842222 -0.5892863
-0.888889 -1.052268
0.782222 14.708391
0.815556 15.033566
-0.666667 1.0815616
0.693333 14.013596
0.264444 9.801237
0.257778 9.923878
0.0977778 8.317708
0.182222 9.116531
0.264444 9.828548
-0.0222222 7.2589965
-0.164444 5.796281
0.0 7.4225984
-0.164444 5.7163067
0.0533333 7.7218957
-0.0488889 6.9202595
0.0422222 7.732295
0.0288889 7.613308
-0.0244444 7.216208
0.0488889 7.837405
0.0711111 7.9115815
-0.0444444 6.8961105
-0.0266667 7.152902
1.0 16.761133
0.997778 16.740097
1.0 16.761133
1.0 16.761133
-0.995556 -2.011548
-0.993333 -1.9948387
-0.995556 -2.015339
0.988889 16.65744
-0.995556 -2.0194216
-0.986667 -1.9245958
-0.968889 -1.738368
-0.986667 -1.9359074
0.971111 16.481966
0.931111 16.088984
0.913333 15.941551
0.928889 16.08884
-0.92 -1.2844429
-0.906667 -1.1876001
-0.873333 -0.8431473
0.826667 15.123615
-0.735556 0.4410329
0.0911111 8.12865
-0.3 4.5117188
0.1 8.365095
-0.0422222 6.9229293
0.302222 10.28433
0.28 10.002214
-0.217778 5.2132587
-0.124444 6.03154
-0.102222 6.4207783
-0.0244444 7.181807
-0.02 7.1568933
-0.0422222 7.019024
0.142222 8.763905
0.0444444 7.7571125
-0.0555556 6.839323
-0.213333 5.428888
0.0755556 8.058419
0.204444 9.292727
-0.0622222 6.80624
1.0 16.761133
-1.0 -2.0521317
1.0 16.761133
0.997778 16.74045
-0.997778 -2.0366077
0.993333 16.705164
-0.984444 -1.895483
-0.986667 -1.9248962
0.984444 16.617382
-0.988889 -1.9519186
-0.98 -1.860012
-0.973333 -1.7990808
-0.977778 -1.8561249
0.928889 16.088818
0.953333 16.332335
0.908889 15.857299
0.86 15.4765625
-0.937778 -1.4393272
-0.724444 0.51566696
0.833333 15.154535
-0.0511111 6.935302
0.0955556 8.343853
-0.14 6.107554
0.00444444 7.4472365
0.184444 9.043682
-0.233333 5.1672096
0.111111 8.370043
-0.0866667 6.541314
-0.253333 5.048751
-0.0822222 6.552777
-0.106667 6.361474
-0.0355556 7.1368947
-0.0933333 6.6022015
0.111111 8.345496
0.0844444 8.208611
0.0911111 8.151433
0.0911111 8.252323
-0.0822222 6.5559206
-0.0955556 6.4848065
-0.0422222 7.044565
1.0 16.761133
-1.0 -2.0521317
0.997778 16.742397
-1.0 -2.0521317
0.995556 16.723904
-0.997778 -2.033886
1.0 16.761133
-0.993333 -1.9983206
-0.986667 -1.9329634
0.982222 16.59089
-0.964444 -1.727251
-0.964444 -1.6768398
0.964444 16.418802
0.953333 16.329
-0.935556 -1.4376106
-0.891111 -1.0494328
0.911111 15.945005
-0.895556 -1.0816631
0.762222 14.525309
0.511111 12.233654
0.317778 10.363814
-0.0377778 6.9039106
-0.457778 2.9823942
0.271111 9.854387
0.333333 10.557068
0.0977778 8.386755
0.0666667 8.077944
0.16 8.939362
0.231111 9.615707
-0.0311111 7.122382
-0.04 6.9714184
-0.222222 5.338419
-0.0777778 6.576829
0.1 8.344015
0.0222222 7.6572976
0.324444 10.349606
-0.0933333 6.5157747
0.0311111 7.6574554
0.0777778 8.03017
-0.151111 6.00417
-1.0 -2.0521317
-0.997778 -2.030242
0.997778 16.737083
0.997778 16.741806
1.0 16.761133
-0.986667 -1.9282932
-0.997778 -2.032549
0.973333 16.504467
-0.984444 -1.8961115
-0.977778 -1.8551893
0.957778 16.370935
0.977778 16.547821
0.955556 16.37304
0.964444 16.426064
0.946667 16.258444
-0.931111 -1.3825722
-0.911111 -1.2445679
-0.853333 -0.73485756
0.882222 15.660512
0.788889 14.701324
-0.308889 4.5315456
0.76 14.4764595
-0.622222 1.4542236
-0.604444 1.7614155
0.342222 10.484212
-0.0133333 7.2020583
0.22 9.4169445
0.0577778 7.920052
-0.0244444 7.1044846
-0.113333 6.1928196
-0.177778 5.6346006
-0.135556 6.022946
-0.0955556 6.469429
-0.0777778 6.662341
0.108889 8.469544
0.144444 8.684728
0.0911111 8.15503
-0.108889 6.2919164
-0.162222 5.972938
-0.0244444 7.0635586
1.0 16.761133
-1.0 -2.0521317
0.997778 16.736637
0.997778 16.736984
-0.995556 -2.0111055
-0.986667 -1.9239225
0.995556 16.714756
0.984444 16.613342
-0.986667 -1.9210901
0.991111 16.676447
-0.975556 -1.8270569
-0.973333 -1.8062553
-0.942222 -1.4808121
-0.953333 -1.5996151
0.915556 15.981876
-0.953333 -1.6453304
-0.846667 -0.6957493
-0.926667 -1.4102812
-0.773333 0.06872225
-0.76 0.16124296
0.746667 14.315554
0.108889 8.398132
-0.155556 5.8345103
-0.122222 6.178896
-0.0111111 7.312647
0.195556 9.232979
0.44 11.528477
-0.04 6.9093375
-0.0977778 6.3622036
-0.0866667 6.551544
0.14 8.65787
0.153333 8.811032
0.1 8.259656
0.171111 9.029652
0.135556 8.593201
0.113333 8.455063
0.0133333 7.5059314
0.124444 8.463533
0.108889 8.492117
0.0155556 7.5600967
-1.0 -2.0521317
1.0 16.761133
-0.995556 -2.0076962
-0.997778 -2.0322132
1.0 16.761133
-0.993333 -1.9987259
0.984444 16.619503
0.986667 16.646147
0.986667 16.631956
-0.982222 -1.8912916
0.977778 16.567276
0.966667 16.461048
0.944444 16.236717
0.966667 16.480284
0.926667 16.089172
-0.922222 -1.2905502
-0.8 -0.21583462
0.913333 15.938149
-0.775556 0.10066891
-0.7 0.7226119
0.762222 14.5186
0.193333 9.137823
-0.106667 6.3201914
-0.191111 5.6240187
-0.0244444 7.1657357
-0.117778 6.275139
-0.257778 4.9668083
0.117778 8.507515
-0.102222 6.2892942
0.0888889 8.276569
-0.0822222 6.5641723
-0.0466667 6.89968
-0.135556 6.1024356
0.0955556 8.218506
0.0666667 7.9571056
0.00666667 7.3886356
-0.137778 6.1089163
-0.106667 6.3727946
-0.0755556 6.5889645
0.0711111 8.046119
