x y
1.0 -2.6072693
1.0 -2.6072693
0.997778 -2.606142
-0.997778 -2.8456345
0.997778 -2.6112356
-0.997778 -2.8472364
-0.988889 -2.8412447
0.988889 -2.6102176
0.971111 -2.6210477
-0.988889 -2.8439364
-0.973333 -2.828101
0.962222 -2.6113129
-0.973333 -2.8423052
-0.951111 -2.8575425
-0.946667 -2.8219452
-0.897778 -2.8545563
0.915556 -2.6193995
-0.835556 -2.8318694
0.797778 -2.6445265
0.771111 -2.619989
-0.191111 -2.7167037
-0.546667 -2.816271
-0.306667 -2.7895439
0.226667 -2.7612693
-0.231111 -2.7223372
0.22 -2.566307
-0.0355556 -2.759363
0.177778 -2.6403735
0.266667 -2.685563
0.0111111 -2.758434
-0.113333 -2.7196224
0.0622222 -2.7134967
0.0288889 -2.7862892
-0.0555556 -2.7069585
0.0222222 -2.6693833
-0.108889 -2.700092
-0.131111 -2.737245
0.133333 -2.759059
-0.0266667 -2.764531
0.00888889 -2.677415
1.0 -2.6072693
1.0 -2.6072693
-0.995556 -2.846452
-0.997778 -2.8420036
-0.993333 -2.841466
-0.986667 -2.8428943
-0.991111 -2.8434563
-0.991111 -2.8453412
0.968889 -2.6132605
0.971111 -2.6153293
-0.977778 -2.843997
-0.975556 -2.847647
0.964444 -2.6227193
0.955556 -2.6064777
0.957778 -2.6187496
-0.915556 -2.826153
-0.895556 -2.820293
-0.844444 -2.8851602
0.875556 -2.6219957
0.795556 -2.617861
0.782222 -2.6559918
-0.266667 -2.8117876
0.197778 -2.6020622
0.0266667 -2.6759753
-0.215556 -2.6948156
0.246667 -2.6973724
-0.00444444 -2.7169037
-0.375556 -2.823329
0.157778 -2.6463196
-0.288889 -2.6909711
-0.0288889 -2.6843066
-0.0311111 -2.7503233
-0.0888889 -2.8050816
0.0133333 -2.728931
0.126667 -2.7298706
0.0666667 -2.743667
-0.0288889 -2.776374
-0.1 -2.7440927
-0.191111 -2.844016
-0.142222 -2.694448
-1.0 -2.8460507
0.995556 -2.6077864
-0.997778 -2.8495119
-1.0 -2.8460507
-0.993333 -2.842883
0.993333 -2.613369
-0.995556 -2.8442085
0.988889 -2.6052396
-0.98 -2.8347092
0.966667 -2.6240172
-0.964444 -2.8643425
-0.964444 -2.8457043
0.964444 -2.621497
-0.933333 -2.8209984
0.962222 -2.622238
-0.904444 -2.8358593
-0.913333 -2.8424795
-0.853333 -2.844073
-0.851111 -2.8277545
-0.853333 -2.818608
0.253333 -2.6162841
0.0933333 -2.8026934
-0.202222 -2.7569277
0.184444 -2.6900868
-0.344444 -2.8500216
0.273333 -2.7367456
-0.191111 -2.7886746
-0.186667 -2.7400708
-0.0466667 -2.699833
0.00888889 -2.7188702
0.0955556 -2.743774
0.08 -2.7068164
0.0866667 -2.731003
0.0466667 -2.7146158
0.166667 -2.7135484
0.18 -2.6732695
0.0266667 -2.772441
-0.0688889 -2.7603645
0.0733333 -2.7100263
-0.124444 -2.7616544
1.0 -2.6072693
0.997778 -2.6066527
-0.997778 -2.846674
0.995556 -2.6090043
1.0 -2.6072693
-0.993333 -2.8417273
-0.991111 -2.8491313
-0.991111 -2.845093
-0.984444 -2.834684
-0.98 -2.8481245
0.971111 -2.604398
-0.96 -2.8328443
0.966667 -2.6205397
0.915556 -2.600262
-0.882222 -2.8297322
0.94 -2.6145077
0.871111 -2.6078045
0.886667 -2.6569781
-0.773333 -2.8376687
-0.695556 -2.7867973
-0.355556 -2.769963
0.206667 -2.7075903
0.542222 -2.7149885
0.437778 -2.7125995
-0.153333 -2.7951875
0.0644444 -2.8101768
-0.155556 -2.6795847
-0.226667 -2.7785463
0.251111 -2.7547762
0.126667 -2.7180262
0.0533333 -2.7405214
0.213333 -2.6613925
0.0822222 -2.674948
-0.14 -2.7688456
0.146667 -2.706806
0.0711111 -2.7534027
-0.106667 -2.742789
0.00444444 -2.767766
0.06 -2.74612
0.111111 -2.6975443
-1.0 -2.8460507
-0.997778 -2.8497856
0.997778 -2.6080008
-0.995556 -2.8428879
0.995556 -2.6094265
0.993333 -2.607179
-0.988889 -2.8428168
-0.993333 -2.844701
-0.991111 -2.8467743
-0.982222 -2.845708
-0.966667 -2.832787
-0.962222 -2.837722
-0.964444 -2.833712
-0.944444 -2.8510604
-0.962222 -2.8419785
0.942222 -2.6093876
-0.844444 -2.8372884
-0.831111 -2.8437963
-0.771111 -2.8177636
0.817778 -2.5941484
-0.297778 -2.7117026
-0.773333 -2.8276079
-0.548889 -2.7742553
0.311111 -2.6483374
-0.484444 -2.8296802
-0.251111 -2.8098862
0.24 -2.6513128
-0.0711111 -2.6462188
-0.0244444 -2.7405078
-0.197778 -2.7455096
0.00666667 -2.760507
-0.0488889 -2.8250268
0.0311111 -2.7362587
0.1 -2.7670672
0.0311111 -2.6860452
0.0311111 -2.6490223
0.206667 -2.6486416
0.0533333 -2.759661
-0.0177778 -2.7244024
-0.0266667 -2.7102041
-0.997778 -2.8452556
-1.0 -2.8460507
-0.995556 -2.8512106
0.993333 -2.6098542
0.993333 -2.6070814
-0.995556 -2.849332
-0.984444 -2.838819
0.98 -2.618606
0.995556 -2.6077514
0.991111 -2.601945
-0.982222 -2.8482275
0.975556 -2.6080947
-0.96 -2.8411524
0.922222 -2.6021514
0.906667 -2.6094708
-0.935556 -2.8338845
0.964444 -2.6142654
0.864444 -2.6171532
0.813333 -2.626922
0.388889 -2.6017258
-0.482222 -2.6716535
-0.146667 -2.6492333
0.435556 -2.6620116
-0.373333 -2.823889
0.102222 -2.7600589
0.282222 -2.7054417
0.215556 -2.866755
0.0955556 -2.721607
-0.06 -2.668358
0.0355556 -2.7747838
0.193333 -2.744955
0.0666667 -2.754771
0.0222222 -2.6974852
-0.0533333 -2.733486
-0.115556 -2.7683299
0.111111 -2.6410508
0.0644444 -2.7728934
-0.0288889 -2.7670977
0.0333333 -2.700552
-0.0222222 -2.6982958
1.0 -2.6072693
0.995556 -2.6063027
-1.0 -2.8460507
-0.997778 -2.8442442
-1.0 -2.8460507
-0.995556 -2.8473148
-0.986667 -2.848068
-0.975556 -2.8482203
-0.984444 -2.849255
0.988889 -2.6027474
-0.977778 -2.8397963
0.964444 -2.6085684
-0.975556 -2.8453526
0.915556 -2.6448214
-0.893333 -2.8315442
0.88 -2.6218495
0.951111 -2.615267
-0.851111 -2.8279953
0.826667 -2.6311097
0.895556 -2.5841298
-0.233333 -2.7081354
-0.408889 -2.785651
0.588889 -2.5663211
0.397778 -2.6460736
-0.22 -2.8441541
-0.486667 -2.8515394
-0.277778 -2.736541
-0.0222222 -2.7422013
-0.0911111 -2.693666
0.0155556 -2.6959298
0.206667 -2.672879
-0.0444444 -2.7272568
-0.108889 -2.7507071
0.155556 -2.7417934
-0.0777778 -2.7770662
0.00222222 -2.7642503
-0.104444 -2.7627275
0.104444 -2.730103
-0.0177778 -2.7946324
0.14 -2.6751637
-0.997778 -2.8453677
-0.997778 -2.8451326
0.997778 -2.6056986
0.997778 -2.6067986
1.0 -2.6072693
-0.997778 -2.845847
0.993333 -2.6066413
0.991111 -2.6016757
-0.98 -2.8437362
0.968889 -2.6091366
0.993333 -2.610481
0.951111 -2.623246
-0.937778 -2.837307
-0.957778 -2.8320358
-0.897778 -2.830263
-0.94 -2.8468604
-0.877778 -2.8092275
-0.904444 -2.8288784
-0.9 -2.8575845
0.78 -2.6184657
-0.306667 -2.8032863
0.304444 -2.7035568
-0.204444 -2.7425666
-0.184444 -2.6566312
-0.0333333 -2.793384
-0.206667 -2.8014712
0.104444 -2.6857362
0.0644444 -2.7795553
-0.128889 -2.7310598
-0.06 -2.7143254
0.0311111 -2.777113
0.135556 -2.7975967
0.122222 -2.735573
-0.0622222 -2.7040887
0.202222 -2.6210096
0.0177778 -2.7365355
-0.0733333 -2.7397957
0.146667 -2.6088383
0.0577778 -2.589519
0.0755556 -2.695235
-1.0 -2.8460507
0.997778 -2.6078894
1.0 -2.6072693
0.995556 -2.6042998
-0.991111 -2.8475616
-0.988889 -2.847821
0.984444 -2.60694
0.993333 -2.60931
0.991111 -2.6064363
0.986667 -2.6105063
0.98 -2.6047826
-0.982222 -2.8350408
0.966667 -2.6189106
0.922222 -2.62447
0.928889 -2.6373777
0.92 -2.6126254
0.884444 -2.597168
0.886667 -2.6167786
-0.873333 -2.8226128
-0.795556 -2.8026185
-0.266667 -2.7379062
0.151111 -2.6674185
-0.24 -2.903645
-0.213333 -2.7720594
0.0288889 -2.7870564
-0.193333 -2.8216066
-0.226667 -2.7583363
-0.02 -2.754281
0.0266667 -2.6671436
0.0911111 -2.628874
0.0955556 -2.7037084
-0.0133333 -2.6567307
-0.0644444 -2.8019636
0.0622222 -2.6447482
0.0177778 -2.7496862
-0.168889 -2.6715398
-0.0911111 -2.7700915
-0.0222222 -2.7269406
-0.0488889 -2.7415025
-0.111111 -2.7653048
-1.0 -2.8460507
-0.991111 -2.8415742
0.997778 -2.605087
-1.0 -2.8460507
-0.997778 -2.8450735
0.995556 -2.6074867
-0.993333 -2.8438857
-0.98 -2.8521225
-0.991111 -2.8412871
0.988889 -2.6101694
-0.984444 -2.849807
-0.973333 -2.836464
-0.948889 -2.8371003
-0.973333 -2.8415303
0.933333 -2.598126
0.886667 -2.6079988
-0.897778 -2.8111312
-0.913333 -2.8128755
0.895556 -2.604746
-0.673333 -2.8035452
-0.686667 -2.775862
0.662222 -2.6231368
0.0244444 -2.8478508
-0.155556 -2.8351443
-0.0555556 -2.6868927
-0.104444 -2.7095578
-0.0288889 -2.6668897
0.0133333 -2.6372194
-0.0555556 -2.736188
0.284444 -2.6791193
-0.0822222 -2.704888
-0.115556 -2.774799
-0.182222 -2.7550888
-0.0333333 -2.7428024
-0.0311111 -2.7251759
-0.291111 -2.743717
-0.166667 -2.8165972
-0.175556 -2.7944787
-0.102222 -2.7276428
0.0511111 -2.673764
-1.0 -2.8460507
1.0 -2.6072693
-0.995556 -2.8472295
0.997778 -2.607306
-0.997778 -2.8481462
-0.997778 -2.8451352
0.988889 -2.6080198
-0.991111 -2.8470793
-0.986667 -2.8504672
-0.984444 -2.8371608
-0.988889 -2.843579
0.971111 -2.6069388
0.971111 -2.6071799
-0.931111 -2.845868
-0.937778 -2.8170555
-0.944444 -2.8422723
0.935556 -2.6240053
0.913333 -2.6120188
0.731111 -2.635378
0.78 -2.6492286
-0.66 -2.792016
-0.0266667 -2.7375243
0.0111111 -2.7939935
-0.155556 -2.6426508
-0.251111 -2.8175936
-0.215556 -2.7717726
0.0777778 -2.7929685
-0.0822222 -2.7331035
0.00222222 -2.6870842
-0.193333 -2.6978042
0.0422222 -2.6234517
-0.0177778 -2.6914234
0.135556 -2.7426667
-0.0155556 -2.7099473
-0.0355556 -2.7299578
-0.0577778 -2.620146
0.08 -2.7245584
0.0911111 -2.7487185
-0.142222 -2.7370162
0.00444444 -2.731214
-1.0 -2.8460507
1.0 -2.6072693
1.0 -2.6072693
0.997778 -2.608462
-0.997778 -2.8465934
-0.995556 -2.8481808
-0.997778 -2.8437388
0.986667 -2.6080678
-0.991111 -2.8414633
0.984444 -2.5983038
-0.957778 -2.8412309
-0.98 -2.8450654
-0.977778 -2.8376343
-0.966667 -2.8507733
-0.96 -2.8419845
-0.873333 -2.817335
0.915556 -2.6126053
-0.853333 -2.8416579
0.797778 -2.5897653
0.791111 -2.6396816
-0.728889 -2.8052397
-0.717778 -2.8448443
0.502222 -2.7337682
-0.00888889 -2.6489813
0.397778 -2.6563015
0.137778 -2.6812265
-0.0466667 -2.6456866
0.0311111 -2.7305622
-0.04 -2.685522
-0.202222 -2.7037354
0.0933333 -2.742852
0.14 -2.720107
-0.122222 -2.720266
0.0422222 -2.7707663
-0.0688889 -2.7636588
0.0511111 -2.7997696
-0.151111 -2.8372693
-0.06 -2.6963003
0.0444444 -2.719418
-0.157778 -2.6827252
0.997778 -2.6051526
1.0 -2.6072693
1.0 -2.6072693
1.0 -2.6072693
0.995556 -2.6081731
-0.993333 -2.8396807
-0.988889 -2.8507407
-0.997778 -2.845087
0.982222 -2.5994716
-0.991111 -2.8447921
0.964444 -2.6141603
-0.973333 -2.8448036
-0.968889 -2.8303485
0.964444 -2.5957792
-0.94 -2.8208444
0.955556 -2.623661
-0.917778 -2.8392587
0.871111 -2.625294
0.842222 -2.6277068
0.706667 -2.623612
-0.113333 -2.6761713
0.371111 -2.6629162
0.128889 -2.7366478
-0.0555556 -2.8065178
-0.0133333 -2.7834306
0.444444 -2.6818504
0.00888889 -2.689544
-0.0977778 -2.7570686
-0.295556 -2.7878602
-0.231111 -2.7440128
-0.12 -2.7915065
-0.0511111 -2.7303505
-0.115556 -2.7888803
-0.04 -2.7606065
-0.122222 -2.7268317
-0.148889 -2.7058868
0.0911111 -2.811233
-0.113333 -2.7407727
0.0822222 -2.6871667
-0.0355556 -2.769861
-1.0 -2.8460507
-0.995556 -2.8441367
-1.0 -2.8460507
-1.0 -2.8460507
0.995556 -2.6084871
-0.995556 -2.8471124
-0.991111 -2.8426576
-0.995556 -2.8433704
-0.982222 -2.8474014
0.988889 -2.6120899
-0.942222 -2.8504062
-0.953333 -2.8493018
0.964444 -2.605934
0.942222 -2.611505
0.92 -2.6034338
-0.931111 -2.8482463
-0.926667 -2.831705
0.924444 -2.6216755
0.886667 -2.630929
-0.782222 -2.8136044
-0.471111 -2.7362282
0.273333 -2.7411423
-0.324444 -2.7912517
0.204444 -2.70636
0.628889 -2.6464705
-0.0622222 -2.6834302
0.315556 -2.674336
-0.231111 -2.728719
-0.213333 -2.7562366
0.0222222 -2.7591782
-0.128889 -2.6868186
-0.0355556 -2.7049248
0.0822222 -2.6650758
0.00666667 -2.7047427
0.0955556 -2.711022
-0.0355556 -2.6941013
0.144444 -2.700748
-0.0866667 -2.6909356
0.162222 -2.6297946
0.0244444 -2.717493
0.997778 -2.6060097
1.0 -2.6072693
-1.0 -2.8460507
-1.0 -2.8460507
0.997778 -2.608014
-0.991111 -2.8435202
0.995556 -2.6063695
0.993333 -2.6077337
-0.995556 -2.8458712
-0.995556 -2.8433144
-0.98 -2.8394692
0.966667 -2.606278
-0.953333 -2.8242633
-0.946667 -2.8414247
0.942222 -2.6178894
0.902222 -2.6277769
0.902222 -2.6127436
0.853333 -2.6378481
0.724444 -2.623694
-0.591111 -2.812651
-0.495556 -2.8807328
0.188889 -2.5953636
-0.271111 -2.7690263
0.277778 -2.7768989
-0.175556 -2.773214
-0.104444 -2.7282114
-0.0555556 -2.6703255
-0.0311111 -2.8323958
0.124444 -2.7789257
-0.271111 -2.797747
0.117778 -2.7247305
0.0377778 -2.6858275
-0.0844444 -2.6739762
-0.0844444 -2.7000518
0.0755556 -2.7361422
0.0888889 -2.796371
0.00888889 -2.7127323
-0.12 -2.7383692
0.08 -2.7422044
0.00222222 -2.6753113
1.0 -2.6072693
0.997778 -2.6078439
-1.0 -2.8460507
-1.0 -2.8460507
0.997778 -2.6051407
-0.988889 -2.8482933
0.991111 -2.6073003
-0.993333 -2.8457675
0.991111 -2.6051917
-0.982222 -2.837264
-0.964444 -2.8427641
0.982222 -2.6107585
-0.968889 -2.8477757
-0.964444 -2.8408782
0.926667 -2.6118932
0.906667 -2.5978513
0.915556 -2.6119635
-0.886667 -2.8340828
-0.811111 -2.8331027
0.153333 -2.5789025
-0.604444 -2.811437
0.357778 -2.705414
0.497778 -2.6758037
-0.0333333 -2.6555977
0.0911111 -2.706853
0.284444 -2.7192402
-0.0755556 -2.7237628
-0.0755556 -2.7337534
-0.00666667 -2.6992598
0.182222 -2.728265
-0.211111 -2.8067265
0.02 -2.642709
0.0866667 -2.6416793
0.171111 -2.710793
-0.182222 -2.613664
0.0222222 -2.7301686
-0.0288889 -2.8470323
-0.117778 -2.7020802
0.0577778 -2.7194154
-0.0133333 -2.7991858
1.0 -2.6072693
-0.997778 -2.8476849
0.995556 -2.6099997
1.0 -2.6072693
-0.995556 -2.8430731
-0.991111 -2.8427072
-0.997778 -2.8488464
-0.993333 -2.844586
-0.991111 -2.8424633
-0.984444 -2.8454492
0.977778 -2.6099408
-0.977778 -2.8560002
-0.962222 -2.8480637
0.96 -2.616106
0.944444 -2.611745
0.951111 -2.6272695
0.924444 -2.6038601
0.884444 -2.6042507
-0.842222 -2.8280115
0.664444 -2.6398935
-0.788889 -2.8241985
0.78 -2.598001
0.484444 -2.6600804
0.284444 -2.7523415
-0.433333 -2.7769842
-0.271111 -2.7988977
0.137778 -2.7658525
0.0311111 -2.6603587
0.0444444 -2.7213213
-0.122222 -2.7532916
0.0711111 -2.7855854
-0.0133333 -2.7482047
-0.144444 -2.7356725
0.00222222 -2.7156296
0.00666667 -2.7537465
0.128889 -2.6187901
-0.0377778 -2.7578123
0.175556 -2.653357
0.0133333 -2.7269435
0.0222222 -2.703093
-0.997778 -2.8459742
1.0 -2.6072693
-1.0 -2.8460507
1.0 -2.6072693
0.993333 -2.6062856
-0.995556 -2.8490355
0.993333 -2.604426
-0.991111 -2.8381052
0.991111 -2.6072326
0.984444 -2.6126149
0.982222 -2.6075804
0.968889 -2.6144533
0.946667 -2.6130786
-0.966667 -2.8446546
0.96 -2.599296
-0.908889 -2.8345237
-0.884444 -2.8444605
0.804444 -2.652094
-0.862222 -2.8426952
-0.757778 -2.8542714
-0.533333 -2.7412128
-0.253333 -2.6814327
0.248889 -2.5561244
-0.151111 -2.7002637
0.111111 -2.7409866
-0.282222 -2.7210796
0.00444444 -2.7765734
0.308889 -2.6424327
-0.148889 -2.7802496
-0.253333 -2.8249247
-0.0644444 -2.7644415
0.171111 -2.7389338
-0.0133333 -2.6938872
-0.122222 -2.7344863
-0.00666667 -2.773856
-0.135556 -2.7520134
-0.0933333 -2.7417684
0.0822222 -2.7001407
0.0577778 -2.707213
-0.126667 -2.680338
-1.0 -2.8460507
-1.0 -2.8460507
0.997778 -2.6071057
-0.986667 -2.842405
0.993333 -2.6108675
0.991111 -2.6120398
0.988889 -2.6127326
0.984444 -2.613292
-0.984444 -2.8419352
-0.971111 -2.849729
0.991111 -2.6071715
-0.982222 -2.8508108
0.98 -2.6196713
0.924444 -2.628766
-0.948889 -2.8358245
-0.926667 -2.8442056
-0.842222 -2.8482592
-0.888889 -2.8376505
0.782222 -2.6461737
0.815556 -2.6306458
-0.666667 -2.8460488
0.693333 -2.6502376
0.264444 -2.8510778
0.257778 -2.7010646
0.0977778 -2.7642257
0.182222 -2.6799662
0.264444 -2.6721008
-0.0222222 -2.6887212
-0.164444 -2.7524526
0.0 -2.6573632
-0.164444 -2.7848113
0.0533333 -2.7398298
-0.0488889 -2.7817643
0.0422222 -2.7354681
0.0288889 -2.8033576
-0.0244444 -2.682356
0.0488889 -2.790951
0.0711111 -2.771196
-0.0444444 -2.7314546
-0.0266667 -2.739036
1.0 -2.6072693
0.997778 -2.6041164
1.0 -2.6072693
1.0 -2.6072693
-0.995556 -2.8458507
-0.993333 -2.8487816
-0.995556 -2.8478158
0.988889 -2.6079397
-0.995556 -2.8519037
-0.986667 -2.8400476
-0.968889 -2.839816
-0.986667 -2.8457446
0.971111 -2.6182466
0.931111 -2.6208525
0.913333 -2.5971048
0.928889 -2.5964496
-0.92 -2.8358877
-0.906667 -2.8419502
-0.873333 -2.8119187
0.826667 -2.624422
-0.735556 -2.8036792
0.0911111 -2.765761
-0.3 -2.865512
0.1 -2.716861
-0.0422222 -2.7477434
0.302222 -2.6651635
0.28 -2.6846666
-0.217778 -2.7308762
-0.124444 -2.7945514
-0.102222 -2.6735084
-0.0244444 -2.7712328
-0.02 -2.7477925
-0.0422222 -2.7073915
0.142222 -2.7112253
0.0444444 -2.7634728
-0.0555556 -2.7295432
-0.213333 -2.7592812
0.0755556 -2.7862747
0.204444 -2.7270613
-0.0622222 -2.7027893
1.0 -2.6072693
-1.0 -2.8460507
1.0 -2.6072693
0.997778 -2.604014
-0.997778 -2.847492
0.993333 -2.6076238
-0.984444 -2.8438973
-0.986667 -2.839446
0.984444 -2.6136575
-0.988889 -2.8452172
-0.98 -2.8531597
-0.973333 -2.8410947
-0.977778 -2.8520856
0.928889 -2.6225364
0.953333 -2.5947616
0.908889 -2.6197557
0.86 -2.5836053
-0.937778 -2.8362985
-0.724444 -2.799588
0.833333 -2.638684
-0.0511111 -2.684219
0.0955556 -2.7013373
-0.14 -2.7407176
0.00444444 -2.5733802
0.184444 -2.733622
-0.233333 -2.7675915
0.111111 -2.7242348
-0.0866667 -2.70813
-0.253333 -2.7254293
-0.0822222 -2.7479718
-0.106667 -2.7101219
-0.0355556 -2.77906
-0.0933333 -2.660769
0.111111 -2.766456
0.0844444 -2.7026753
0.0911111 -2.766662
0.0911111 -2.7244127
-0.0822222 -2.8229086
-0.0955556 -2.716244
-0.0422222 -2.7410376
1.0 -2.6072693
-1.0 -2.8460507
0.997778 -2.6073346
-1.0 -2.8460507
0.995556 -2.610648
-0.997778 -2.8445644
1.0 -2.6072693
-0.993333 -2.8427193
-0.986667 -2.8402216
0.982222 -2.614756
-0.964444 -2.8560584
-0.964444 -2.841389
0.964444 -2.6063156
0.953333 -2.6181707
-0.935556 -2.8281786
-0.891111 -2.8534117
0.911111 -2.6114106
-0.895556 -2.8369536
0.762222 -2.6536353
0.511111 -2.6185808
0.317778 -2.5455363
-0.0377778 -2.7330697
-0.457778 -2.735864
0.271111 -2.7396834
0.333333 -2.661239
0.0977778 -2.5839555
0.0666667 -2.665495
0.16 -2.724814
0.231111 -2.7029362
-0.0311111 -2.6393197
-0.04 -2.7060292
-0.222222 -2.7962642
-0.0777778 -2.7078702
0.1 -2.6527448
0.0222222 -2.65341
0.324444 -2.7159936
-0.0933333 -2.7280874
0.0311111 -2.7455592
0.0777778 -2.7740164
-0.151111 -2.734971
-1.0 -2.8460507
-0.997778 -2.843813
0.997778 -2.607645
0.997778 -2.6067507
1.0 -2.6072693
-0.986667 -2.8411264
-0.997778 -2.846065
0.973333 -2.6187603
-0.984444 -2.8374465
-0.977778 -2.8398416
0.957778 -2.6257586
0.977778 -2.6097782
0.955556 -2.6079388
0.964444 -2.6150172
0.946667 -2.6325498
-0.931111 -2.825371
-0.911111 -2.843536
-0.853333 -2.838249
0.882222 -2.640412
0.788889 -2.6700757
-0.308889 -2.6944637
0.76 -2.6335201
-0.622222 -2.8521957
-0.604444 -2.7889721
0.342222 -2.6428277
-0.0133333 -2.779537
0.22 -2.6985726
0.0577778 -2.6559415
-0.0244444 -2.716527
-0.113333 -2.793844
-0.177778 -2.765513
-0.135556 -2.6678145
-0.0955556 -2.7380373
-0.0777778 -2.7066166
0.108889 -2.6829522
0.144444 -2.7345462
0.0911111 -2.692442
-0.108889 -2.770137
-0.162222 -2.713843
-0.0244444 -2.8134902
1.0 -2.6072693
-1.0 -2.8460507
0.997778 -2.608096
0.997778 -2.6070104
-0.995556 -2.84335
-0.986667 -2.8348348
0.995556 -2.6075363
0.984444 -2.6056235
-0.986667 -2.8403037
0.991111 -2.6030352
-0.975556 -2.853055
-0.973333 -2.854187
-0.942222 -2.837049
-0.953333 -2.827798
0.915556 -2.6120636
-0.953333 -2.8490465
-0.846667 -2.8630042
-0.926667 -2.8481448
-0.773333 -2.822611
-0.76 -2.844498
0.746667 -2.684375
0.108889 -2.7208316
-0.155556 -2.7042441
-0.122222 -2.7846694
-0.0111111 -2.7999072
0.195556 -2.7774646
0.44 -2.665125
-0.04 -2.8012161
-0.0977778 -2.7887752
-0.0866667 -2.6974504
0.14 -2.721231
0.153333 -2.8126266
0.1 -2.6592808
0.171111 -2.7114758
0.135556 -2.767705
0.113333 -2.7411885
0.0133333 -2.7481093
0.124444 -2.652466
0.108889 -2.7282548
0.0155556 -2.6772182
-1.0 -2.8460507
1.0 -2.6072693
-0.995556 -2.8448
-0.997778 -2.8458767
1.0 -2.6072693
-0.993333 -2.8441195
0.984444 -2.6027212
0.986667 -2.6043303
0.986667 -2.6118546
-0.982222 -2.851067
0.977778 -2.6041517
0.966667 -2.6126957
0.944444 -2.623175
0.966667 -2.608855
0.926667 -2.6028037
-0.922222 -2.8327832
-0.8 -2.7831595
0.913333 -2.595666
-0.775556 -2.8471227
-0.7 -2.8501813
0.762222 -2.6611445
0.193333 -2.8406672
-0.106667 -2.8297691
-0.191111 -2.6680708
-0.0244444 -2.6707387
-0.117778 -2.708517
-0.257778 -2.7730675
0.117778 -2.6876867
-0.102222 -2.795227
0.0888889 -2.6988196
-0.0822222 -2.7749894
-0.0466667 -2.7649386
-0.135556 -2.7335277
0.0955556 -2.682091
0.0666667 -2.7622013
0.00666667 -2.7534785
-0.137778 -2.6866865
-0.106667 -2.770672
-0.0755556 -2.7812746
0.0711111 -2.6579072
