x y
1.0 -8.224285
1.0 -8.224285
0.997778 -8.212457
-0.997778 8.688438
0.997778 -8.201842
-0.997778 8.693241
-0.988889 8.595837
0.988889 -8.140619
0.971111 -7.9754467
-0.988889 8.61111
-0.973333 8.440336
0.962222 -7.9418697
-0.973333 8.487528
-0.951111 8.289468
-0.946667 8.212453
-0.897778 7.922681
0.915556 -7.5304394
-0.835556 7.224492
0.797778 -6.5072384
0.771111 -6.3523817
-0.191111 1.8227206
-0.546667 4.7722983
-0.306667 2.7144444
0.226667 -1.7646793
-0.231111 2.1457934
0.22 -1.9219662
-0.0355556 0.53462243
0.177778 -1.2326528
0.266667 -2.0191555
0.0111111 0.2827863
-0.113333 1.0011531
0.0622222 -0.26354468
0.0288889 0.37531453
-0.0555556 0.7229955
0.0222222 -0.1907462
-0.108889 1.1674356
-0.131111 1.6444744
0.133333 -0.79496443
-0.0266667 0.351515
0.00888889 -0.015418664
1.0 -8.224285
1.0 -8.224285
-0.995556 8.66849
-0.997778 8.68476
-0.993333 8.642771
-0.986667 8.570324
-0.991111 8.624323
-0.991111 8.626493
0.968889 -7.9594145
0.971111 -7.9760695
-0.977778 8.544213
-0.975556 8.544719
0.964444 -7.899624
0.955556 -7.84182
0.957778 -7.883169
-0.915556 7.931857
-0.895556 7.859187
-0.844444 7.458869
0.875556 -7.156766
0.795556 -6.567731
0.782222 -6.3235073
-0.266667 2.7601666
0.197778 -1.5821847
0.0266667 -0.2550115
-0.215556 2.2906914
0.246667 -1.9506341
-0.00444444 0.39749575
-0.375556 3.5050597
0.157778 -1.2913345
-0.288889 2.5260358
-0.0288889 0.5097606
-0.0311111 0.457152
-0.0888889 1.1491457
0.0133333 0.21559238
0.126667 -0.85082245
0.0666667 -0.15404458
-0.0288889 0.6494865
-0.1 1.1061076
-0.191111 2.2580981
-0.142222 1.2383379
-1.0 8.705179
0.995556 -8.186674
-0.997778 8.687412
-1.0 8.705179
-0.993333 8.622552
0.993333 -8.1572
-0.995556 8.674922
0.988889 -8.122921
-0.98 8.515011
0.966667 -7.911522
-0.964444 8.446875
-0.964444 8.381012
0.964444 -7.962884
-0.933333 8.092517
0.962222 -7.9005814
-0.904444 7.8618927
-0.913333 7.925396
-0.853333 7.424073
-0.851111 7.457817
-0.853333 7.438243
0.253333 -1.9107419
0.0933333 -0.3984412
-0.202222 2.0270975
0.184444 -1.442288
-0.344444 3.4245534
0.273333 -1.982227
-0.191111 1.957816
-0.186667 1.9444116
-0.0466667 0.4638595
0.00888889 0.19543618
0.0955556 -0.32788277
0.08 -0.55804443
0.0866667 -0.34892833
0.0466667 -0.41783476
0.166667 -1.0145432
0.18 -1.3991317
0.0266667 0.008327439
-0.0688889 0.8357109
0.0733333 -0.37220705
-0.124444 1.3510305
1.0 -8.224285
0.997778 -8.211655
-0.997778 8.688446
0.995556 -8.210606
1.0 -8.224285
-0.993333 8.657144
-0.991111 8.669385
-0.991111 8.631643
-0.984444 8.559627
-0.98 8.520818
0.971111 -7.9713154
-0.96 8.31347
0.966667 -7.9289026
0.915556 -7.563635
-0.882222 7.781209
0.94 -7.743099
0.871111 -7.2036858
0.886667 -7.231056
-0.773333 6.757906
-0.695556 6.143955
-0.355556 3.2329822
0.206667 -1.5921944
0.542222 -4.241694
0.437778 -3.307602
-0.153333 1.6689464
0.0644444 -0.05780728
-0.155556 1.5323095
-0.226667 2.293179
0.251111 -1.8308865
0.126667 -0.74485517
0.0533333 -0.3304968
0.213333 -1.8274306
0.0822222 -0.5570065
-0.14 1.3020029
0.146667 -0.7363086
0.0711111 -0.4380498
-0.106667 1.2969424
0.00444444 0.42286235
0.06 -0.03677745
0.111111 -0.8300437
-1.0 8.705179
-0.997778 8.694
0.997778 -8.207219
-0.995556 8.664457
0.995556 -8.19712
0.993333 -8.15858
-0.988889 8.606605
-0.993333 8.648319
-0.991111 8.624553
-0.982222 8.535388
-0.966667 8.387451
-0.962222 8.337906
-0.964444 8.363418
-0.944444 8.238423
-0.962222 8.372908
0.942222 -7.7652187
-0.844444 7.3248568
-0.831111 7.3435507
-0.771111 6.7536926
0.817778 -6.727751
-0.297778 2.6635387
-0.773333 6.780637
-0.548889 4.7756934
0.311111 -2.4394622
-0.484444 4.466511
-0.251111 2.3211524
0.24 -1.9089006
-0.0711111 0.7498064
-0.0244444 0.5503941
-0.197778 1.8195671
0.00666667 0.25366557
-0.0488889 0.63192266
0.0311111 0.009912103
0.1 -0.69041634
0.0311111 -0.12277509
0.0311111 -0.36244643
0.206667 -1.536951
0.0533333 -0.03501199
-0.0177778 0.47832006
-0.0266667 0.44088936
-0.997778 8.675992
-1.0 8.705179
-0.995556 8.66544
0.993333 -8.181373
0.993333 -8.176107
-0.995556 8.675387
-0.984444 8.553208
0.98 -8.015252
0.995556 -8.181322
0.991111 -8.148155
-0.982222 8.538983
0.975556 -8.052805
-0.96 8.385706
0.922222 -7.561388
0.906667 -7.3826094
-0.935556 8.192225
0.964444 -7.926324
0.864444 -7.0556307
0.813333 -6.6140165
0.388889 -3.239127
-0.482222 4.149092
-0.146667 1.2293029
0.435556 -3.2215214
-0.373333 3.3260703
0.102222 -0.7322278
0.282222 -2.1476526
0.215556 -1.375082
0.0955556 -0.47932434
-0.06 0.55621177
0.0355556 0.01725629
0.193333 -1.2312645
0.0666667 -0.23911162
0.0222222 0.057067484
-0.0533333 0.63762885
-0.115556 1.2989856
0.111111 -0.8386103
0.0644444 -0.116979375
-0.0288889 0.45600978
0.0333333 -0.12779339
-0.0222222 0.34981635
1.0 -8.224285
0.995556 -8.1769
-1.0 8.705179
-0.997778 8.690836
-1.0 8.705179
-0.995556 8.68775
-0.986667 8.586284
-0.975556 8.4993725
-0.984444 8.568068
0.988889 -8.141078
-0.977778 8.49067
0.964444 -7.923916
-0.975556 8.531659
0.915556 -7.4547367
-0.893333 7.7684793
0.88 -7.261944
0.951111 -7.828085
-0.851111 7.500126
0.826667 -6.7038527
0.895556 -7.3714743
-0.233333 2.1353483
-0.408889 3.7772117
0.588889 -5.0207863
0.397778 -3.3562527
-0.22 2.088336
-0.486667 4.588941
-0.277778 2.3729796
-0.0222222 0.62935257
-0.0911111 0.9740653
0.0155556 0.04601857
0.206667 -1.4744583
-0.0444444 0.6444845
-0.108889 1.2050927
0.155556 -1.1309961
-0.0777778 1.1653118
0.00222222 0.3470574
-0.104444 1.2661259
0.104444 -0.50330937
-0.0177778 0.686598
0.14 -1.1119841
-0.997778 8.687314
-0.997778 8.687898
0.997778 -8.201319
0.997778 -8.202604
1.0 -8.224285
-0.997778 8.672943
0.993333 -8.160073
0.991111 -8.161716
-0.98 8.519914
0.968889 -7.9680996
0.993333 -8.1415415
0.951111 -7.7413054
-0.937778 8.158072
-0.957778 8.338769
-0.897778 7.82934
-0.94 8.202788
-0.877778 7.5531807
-0.904444 7.8562784
-0.9 7.925995
0.78 -6.3883457
-0.306667 2.988186
0.304444 -2.3487287
-0.204444 2.1880188
-0.184444 1.5139533
-0.0333333 0.5708884
-0.206667 2.1847174
0.104444 -0.76134956
0.0644444 -0.13869204
-0.128889 1.2531502
-0.06 1.1067444
0.0311111 0.00074900687
0.135556 -0.6515964
0.122222 -0.736071
-0.0622222 0.73336494
0.202222 -1.5615255
0.0177778 0.15224633
-0.0733333 0.82488763
0.146667 -1.1312734
0.0577778 -0.36809444
0.0755556 -0.4126718
-1.0 8.705179
0.997778 -8.21226
1.0 -8.224285
0.995556 -8.1883545
-0.991111 8.605642
-0.988889 8.624817
0.984444 -8.116734
0.993333 -8.172184
0.991111 -8.146283
0.986667 -8.09127
0.98 -8.099016
-0.982222 8.508038
0.966667 -7.8659678
0.922222 -7.491495
0.928889 -7.530472
0.92 -7.5897856
0.884444 -7.2708807
0.886667 -7.319866
-0.873333 7.6035957
-0.795556 6.9455576
-0.266667 2.3973756
0.151111 -1.058828
-0.24 2.4616346
-0.213333 2.2036304
0.0288889 0.33730316
-0.193333 1.9226862
-0.226667 2.2519143
-0.02 0.6490397
0.0266667 -0.11001201
0.0911111 -0.77712154
0.0955556 -0.6425003
-0.0133333 0.30934772
-0.0644444 0.82598364
0.0622222 -0.5777652
0.0177778 -0.08150716
-0.168889 1.8204814
-0.0911111 1.1993055
-0.0222222 0.29037493
-0.0488889 0.72017884
-0.111111 1.2944642
-1.0 8.705179
-0.991111 8.61993
0.997778 -8.208481
-1.0 8.705179
-0.997778 8.683646
0.995556 -8.1743765
-0.993333 8.646406
-0.98 8.527224
-0.991111 8.632904
0.988889 -8.119801
-0.984444 8.573965
-0.973333 8.48219
-0.948889 8.342169
-0.973333 8.460252
0.933333 -7.7708244
0.886667 -7.2505407
-0.897778 7.696742
-0.913333 7.9138393
0.895556 -7.313059
-0.673333 5.9071283
-0.686667 5.846723
0.662222 -5.5507956
0.0244444 0.34749871
-0.155556 1.6130704
-0.0555556 0.6600505
-0.104444 0.83975244
-0.0288889 0.30322984
0.0133333 -0.2283908
-0.0555556 0.8183353
0.284444 -1.9878329
-0.0822222 0.71776664
-0.115556 1.2429477
-0.182222 1.8566614
-0.0333333 0.5830578
-0.0311111 0.45909852
-0.291111 2.7572238
-0.166667 1.8985223
-0.175556 1.8082782
-0.102222 1.2361459
0.0511111 -0.3627875
-1.0 8.705179
1.0 -8.224285
-0.995556 8.663414
0.997778 -8.199835
-0.997778 8.700792
-0.997778 8.680765
0.988889 -8.123867
-0.991111 8.623283
-0.986667 8.598563
-0.984444 8.558165
-0.988889 8.6171055
0.971111 -8.026602
0.971111 -8.012014
-0.931111 8.06362
-0.937778 8.077598
-0.944444 8.228487
0.935556 -7.631283
0.913333 -7.459861
0.731111 -5.983926
0.78 -6.4535017
-0.66 5.751734
-0.0266667 0.48220217
0.0111111 0.30756092
-0.155556 1.2445046
-0.251111 2.6911068
-0.215556 2.0872402
0.0777778 -0.2584107
-0.0822222 0.91038716
0.00222222 0.13868618
-0.193333 1.8911866
0.0422222 -0.2565441
-0.0177778 0.29517332
0.135556 -0.97702396
-0.0155556 0.49207932
-0.0355556 0.39370644
-0.0577778 0.62119186
0.08 -0.39306402
0.0911111 -0.36799037
-0.142222 1.3981134
0.00444444 0.31337354
-1.0 8.705179
1.0 -8.224285
1.0 -8.224285
0.997778 -8.206008
-0.997778 8.6788435
-0.995556 8.652153
-0.997778 8.673244
0.986667 -8.112892
-0.991111 8.629738
0.984444 -8.111421
-0.957778 8.357349
-0.98 8.555178
-0.977778 8.507615
-0.966667 8.457439
-0.96 8.361103
-0.873333 7.569394
0.915556 -7.453759
-0.853333 7.6064253
0.797778 -6.6696787
0.791111 -6.4115534
-0.728889 6.3740273
-0.717778 6.445177
0.502222 -3.9868958
-0.00888889 0.17896418
0.397778 -2.941208
0.137778 -0.7718576
-0.0466667 0.62262154
0.0311111 0.12674206
-0.04 0.5407658
-0.202222 1.7611285
0.0933333 -0.4763602
0.14 -0.9633572
-0.122222 1.2664367
0.0422222 0.046524227
-0.0688889 0.8179349
0.0511111 0.1781288
-0.151111 1.6673592
-0.06 0.8270792
0.0444444 0.030075714
-0.157778 1.5506128
0.997778 -8.211189
1.0 -8.224285
1.0 -8.224285
1.0 -8.224285
0.995556 -8.183744
-0.993333 8.629722
-0.988889 8.630613
-0.997778 8.664064
0.982222 -8.109113
-0.991111 8.61547
0.964444 -7.924917
-0.973333 8.474666
-0.968889 8.383204
0.964444 -7.939745
-0.94 8.127193
0.955556 -7.8126335
-0.917778 8.0077
0.871111 -7.0681105
0.842222 -6.9622335
0.706667 -5.9054565
-0.113333 0.9966209
0.371111 -3.1594305
0.128889 -0.9353479
-0.0555556 0.93112946
-0.0133333 0.5498741
0.444444 -3.3633747
0.00888889 0.39377147
-0.0977778 1.0051914
-0.295556 2.6107445
-0.231111 2.2310247
-0.12 1.3041581
-0.0511111 0.6453321
-0.115556 1.4402133
-0.04 0.5123119
-0.122222 1.2297087
-0.148889 1.5241216
0.0911111 -0.26735228
-0.113333 1.2048578
0.0822222 -0.64443743
-0.0355556 0.5349565
-1.0 8.705179
-0.995556 8.660407
-1.0 8.705179
-1.0 8.705179
0.995556 -8.190446
-0.995556 8.681402
-0.991111 8.606482
-0.995556 8.667555
-0.982222 8.569789
0.988889 -8.122706
-0.942222 8.270686
-0.953333 8.309283
0.964444 -7.9616117
0.942222 -7.731413
0.92 -7.6302023
-0.931111 8.126489
-0.926667 8.012615
0.924444 -7.576498
0.886667 -7.321146
-0.782222 6.816085
-0.471111 4.199426
0.273333 -2.0093915
-0.324444 3.0627458
0.204444 -1.5484735
0.628889 -5.1278334
-0.0622222 0.5072684
0.315556 -2.5160894
-0.231111 2.1413887
-0.213333 2.1941261
0.0222222 0.1802704
-0.128889 1.24462
-0.0355556 0.4071083
0.0822222 -0.6986226
0.00666667 0.30222702
0.0955556 -0.5259993
-0.0355556 0.22111481
0.144444 -1.068235
-0.0866667 1.0095159
0.162222 -1.2206811
0.0244444 0.109433874
0.997778 -8.195104
1.0 -8.224285
-1.0 8.705179
-1.0 8.705179
0.997778 -8.201029
-0.991111 8.635017
0.995556 -8.199381
0.993333 -8.169896
-0.995556 8.69604
-0.995556 8.660485
-0.98 8.546582
0.966667 -7.93633
-0.953333 8.262068
-0.946667 8.250198
0.942222 -7.7478247
0.902222 -7.3164654
0.902222 -7.409889
0.853333 -6.965914
0.724444 -5.998601
-0.591111 5.298073
-0.495556 4.6491327
0.188889 -1.6637774
-0.271111 2.496089
0.277778 -1.8885611
-0.175556 1.6855357
-0.104444 1.1537238
-0.0555556 0.4425372
-0.0311111 0.7243041
0.124444 -0.55841756
-0.271111 2.4491396
0.117778 -0.7802212
0.0377778 -0.10991748
-0.0844444 0.6907681
-0.0844444 0.97678375
0.0755556 -0.50515735
0.0888889 -0.3237604
0.00888889 0.28072128
-0.12 1.3932965
0.08 -0.41302025
0.00222222 0.14937636
1.0 -8.224285
0.997778 -8.210936
-1.0 8.705179
-1.0 8.705179
0.997778 -8.235936
-0.988889 8.618425
0.991111 -8.154236
-0.993333 8.642667
0.991111 -8.16167
-0.982222 8.531383
-0.964444 8.39475
0.982222 -8.074556
-0.968889 8.4773
-0.964444 8.33604
0.926667 -7.635886
0.906667 -7.5516205
0.915556 -7.5364504
-0.886667 7.6903934
-0.811111 7.1353292
0.153333 -1.2179273
-0.604444 5.306107
0.357778 -2.7125027
0.497778 -3.8445675
-0.0333333 0.50056404
0.0911111 -0.42013896
0.284444 -2.058373
-0.0755556 0.9784316
-0.0755556 0.8922628
-0.00666667 0.25930437
0.182222 -1.0663517
-0.211111 2.2960598
0.02 -0.02957113
0.0866667 -0.6653012
0.171111 -1.095416
-0.182222 1.4069107
0.0222222 -0.022787437
-0.0288889 0.7449543
-0.117778 1.3041033
0.0577778 -0.13589765
-0.0133333 0.5449011
1.0 -8.224285
-0.997778 8.685863
0.995556 -8.181971
1.0 -8.224285
-0.995556 8.673439
-0.991111 8.604124
-0.997778 8.68224
-0.993333 8.660685
-0.991111 8.622768
-0.984444 8.578283
0.977778 -8.0581045
-0.977778 8.501453
-0.962222 8.447832
0.96 -7.913933
0.944444 -7.734684
0.951111 -7.796932
0.924444 -7.634821
0.884444 -7.2716503
-0.842222 7.3996696
0.664444 -5.440696
-0.788889 6.7745657
0.78 -6.394643
0.484444 -3.8222144
0.284444 -2.2002437
-0.433333 3.9110641
-0.271111 2.4875064
0.137778 -0.8852478
0.0311111 -0.30820584
0.0444444 -0.12602748
-0.122222 0.9793533
0.0711111 -0.23394157
-0.0133333 0.40381765
-0.144444 1.5388199
0.00222222 0.24557649
0.00666667 0.5229124
0.128889 -0.85803485
-0.0377778 0.6984303
0.175556 -1.4044524
0.0133333 0.08229944
0.0222222 0.22388591
-0.997778 8.69341
1.0 -8.224285
-1.0 8.705179
1.0 -8.224285
0.993333 -8.167631
-0.995556 8.686455
0.993333 -8.180285
-0.991111 8.622668
0.991111 -8.139767
0.984444 -8.109889
0.982222 -8.061015
0.968889 -7.971614
0.946667 -7.7928114
-0.966667 8.452268
0.96 -7.8915606
-0.908889 7.8801193
-0.884444 7.7896843
0.804444 -6.5463915
-0.862222 7.5709276
-0.757778 6.6602783
-0.533333 4.6171875
-0.253333 2.2086678
0.248889 -1.9705387
-0.151111 1.5482503
0.111111 -0.514863
-0.282222 2.462733
0.00444444 0.3432922
0.308889 -2.3427224
-0.148889 1.5747658
-0.253333 2.4950829
-0.0644444 0.80724335
0.171111 -1.1638454
-0.0133333 0.34838504
-0.122222 1.4080392
-0.00666667 0.35613155
-0.135556 1.4250599
-0.0933333 1.0263988
0.0822222 -0.30852306
0.0577778 -0.22691841
-0.126667 1.0790315
-1.0 8.705179
-1.0 8.705179
0.997778 -8.213819
-0.986667 8.587428
0.993333 -8.157795
0.991111 -8.143034
0.988889 -8.114339
0.984444 -8.09826
-0.984444 8.556527
-0.971111 8.495525
0.991111 -8.1506815
-0.982222 8.562137
0.98 -8.065311
0.924444 -7.5548677
-0.948889 8.249697
-0.926667 8.14322
-0.842222 7.380001
-0.888889 7.8390493
0.782222 -6.3350763
0.815556 -6.631626
-0.666667 5.90779
0.693333 -5.7623625
0.264444 -1.6613148
0.257778 -2.0282807
0.0977778 -0.5134293
0.182222 -1.2918379
0.264444 -1.9109195
-0.0222222 0.28700477
-0.164444 1.6960193
0.0 -0.061615184
-0.164444 1.8510314
0.0533333 0.0465184
-0.0488889 0.77649105
0.0422222 -0.11467792
0.0288889 0.20956048
-0.0244444 0.20739579
0.0488889 -0.09914352
0.0711111 -0.18321575
-0.0444444 0.6540204
-0.0266667 0.4855673
1.0 -8.224285
0.997778 -8.221729
1.0 -8.224285
1.0 -8.224285
-0.995556 8.669133
-0.993333 8.657041
-0.995556 8.672141
0.988889 -8.114923
-0.995556 8.697738
-0.986667 8.581204
-0.968889 8.403763
-0.986667 8.6041975
0.971111 -7.995166
0.931111 -7.5797415
0.913333 -7.5008535
0.928889 -7.630885
-0.92 8.008684
-0.906667 7.952264
-0.873333 7.5808544
0.826667 -6.7599173
-0.735556 6.495843
0.0911111 -0.33587658
-0.3 2.9422083
0.1 -0.6118202
-0.0422222 0.65997815
0.302222 -2.491982
0.28 -2.1336753
-0.217778 2.116063
-0.124444 1.5925928
-0.102222 1.0248392
-0.0244444 0.3354038
-0.02 0.45481312
-0.0422222 0.54081976
0.142222 -1.061833
0.0444444 -0.05654858
-0.0555556 0.6899324
-0.213333 1.8843986
0.0755556 -0.41836953
0.204444 -1.538637
-0.0622222 0.7189424
1.0 -8.224285
-1.0 8.705179
1.0 -8.224285
0.997778 -8.209223
-0.997778 8.690518
0.993333 -8.18256
-0.984444 8.555398
-0.986667 8.582473
0.984444 -8.075744
-0.988889 8.612337
-0.98 8.553099
-0.973333 8.472712
-0.977778 8.552573
0.928889 -7.607771
0.953333 -7.8945675
0.908889 -7.4068727
0.86 -7.167446
-0.937778 8.127301
-0.724444 6.3843975
0.833333 -6.6645937
-0.0511111 0.5525655
0.0955556 -0.70370984
-0.14 1.3333107
0.00444444 -0.12700815
0.184444 -1.2695881
-0.233333 2.2420342
0.111111 -0.5425774
-0.0866667 0.87546337
-0.253333 2.3206875
-0.0822222 0.911983
-0.106667 1.1172347
-0.0355556 0.45045865
-0.0933333 0.8574966
0.111111 -0.7492372
0.0844444 -0.539397
0.0911111 -0.46169865
0.0911111 -0.6277044
-0.0822222 1.0168718
-0.0955556 0.9411379
-0.0422222 0.5539821
1.0 -8.224285
-1.0 8.705179
0.997778 -8.204689
-1.0 8.705179
0.995556 -8.196678
-0.997778 8.688632
1.0 -8.224285
-0.993333 8.657833
-0.986667 8.616881
0.982222 -8.081982
-0.964444 8.445513
-0.964444 8.347971
0.964444 -7.9126463
0.953333 -7.824565
-0.935556 8.174208
-0.891111 7.8322515
0.911111 -7.5055094
-0.895556 7.833802
0.762222 -6.179224
0.511111 -4.1629057
0.317778 -2.6260014
-0.0377778 0.51777726
-0.457778 4.265932
0.271111 -1.9598569
0.333333 -2.6983943
0.0977778 -0.9410049
0.0666667 -0.48551345
0.16 -1.1946586
0.231111 -1.7695981
-0.0311111 0.34595728
-0.04 0.6645053
-0.222222 2.1116247
-0.0777778 0.8959261
0.1 -0.7123468
0.0222222 -0.15559871
0.324444 -2.4161868
-0.0933333 0.98615086
0.0311111 -0.024661258
0.0777778 -0.18986876
-0.151111 1.4165047
-1.0 8.705179
-0.997778 8.679971
0.997778 -8.198996
0.997778 -8.210083
1.0 -8.224285
-0.986667 8.593453
-0.997778 8.688236
0.973333 -7.979352
-0.984444 8.544575
-0.977778 8.515688
0.957778 -7.8678493
0.977778 -8.029552
0.955556 -7.8818026
0.964444 -7.9201975
0.946667 -7.7286406
-0.931111 8.055052
-0.911111 8.015655
-0.853333 7.536973
0.882222 -7.2202454
0.788889 -6.3335667
-0.308889 2.6763892
0.76 -6.1149855
-0.622222 5.6073036
-0.604444 5.2460127
0.342222 -2.5654283
-0.0133333 0.6180283
0.22 -1.4771794
0.0577778 -0.5617386
-0.0244444 0.30245748
-0.113333 1.524763
-0.177778 1.7981521
-0.135556 1.3519543
-0.0955556 1.1110327
-0.0777778 0.77828264
0.108889 -0.64947903
0.144444 -0.9012805
0.0911111 -0.44322753
-0.108889 1.1872699
-0.162222 1.3380097
-0.0244444 0.5620754
1.0 -8.224285
-1.0 8.705179
0.997778 -8.193605
0.997778 -8.2007065
-0.995556 8.666036
-0.986667 8.584862
0.995556 -8.18169
0.984444 -8.07613
-0.986667 8.581202
0.991111 -8.154744
-0.975556 8.519261
-0.973333 8.546903
-0.942222 8.181471
-0.953333 8.3020525
0.915556 -7.5665293
-0.953333 8.368891
-0.846667 7.5197906
-0.926667 8.144361
-0.773333 6.77649
-0.76 6.749716
0.746667 -5.981475
0.108889 -0.84838724
-0.155556 1.5669559
-0.122222 1.4171928
-0.0111111 0.37038982
0.195556 -1.4118364
0.44 -3.5058298
-0.04 0.7517482
-0.0977778 1.243967
-0.0866667 1.029922
0.14 -1.0030264
0.153333 -0.9907012
0.1 -0.67622983
0.171111 -1.3317531
0.135556 -0.697659
0.113333 -0.66658497
0.0133333 -0.0876313
0.124444 -0.83693564
0.108889 -0.70751333
0.0155556 -0.031005487
-1.0 8.705179
1.0 -8.224285
-0.995556 8.659971
-0.997778 8.687627
1.0 -8.224285
-0.993333 8.666652
0.984444 -8.080345
0.986667 -8.134155
0.986667 -8.100708
-0.982222 8.5735445
0.977778 -8.078616
0.966667 -7.959222
0.944444 -7.722926
0.966667 -7.98295
0.926667 -7.668454
-0.922222 8.055053
-0.8 7.128476
0.913333 -7.5057497
-0.775556 6.7990294
-0.7 6.28148
0.762222 -6.1454477
0.193333 -1.2660869
-0.106667 1.2273583
-0.191111 1.5649415
-0.0244444 0.30975765
-0.117778 1.174159
-0.257778 2.4146562
0.117778 -0.7510398
-0.102222 1.332263
0.0888889 -0.6218575
-0.0822222 1.1185739
-0.0466667 0.7562585
-0.135556 1.4550607
0.0955556 -0.54136145
0.0666667 -0.19890733
0.00666667 0.25891146
-0.137778 1.2780082
-0.106667 1.0117927
-0.0755556 0.99645674
0.0711111 -0.34577286
