x y
1.0 -15.447907
1.0 -15.447907
0.997778 -15.42764
-0.997778 14.821908
0.997778 -15.40816
-0.997778 14.828046
-0.988889 14.65746
0.988889 -15.29559
0.971111 -15.00121
-0.988889 14.68134
-0.973333 14.378531
0.962222 -14.942542
-0.973333 14.467336
-0.951111 14.110753
-0.946667 13.972739
-0.897778 13.454053
0.915556 -14.194095
-0.835556 12.204404
0.797778 -12.350961
0.771111 -12.104787
-0.191111 2.5345519
-0.546667 7.806725
-0.306667 4.133751
0.226667 -3.8917
-0.231111 3.0904512
0.22 -4.144711
-0.0355556 0.19852796
0.177778 -2.909977
0.266667 -4.3730254
0.0111111 -0.24255213
-0.113333 1.0518959
0.0622222 -1.183022
0.0288889 -0.058856055
-0.0555556 0.5964199
0.0222222 -1.0761244
-0.108889 1.3711455
-0.131111 2.1917992
0.133333 -2.1360183
-0.0266667 -0.11663379
0.00888889 -0.7474357
1.0 -15.447907
1.0 -15.447907
-0.995556 14.784961
-0.997778 14.814832
-0.993333 14.740306
-0.986667 14.6083
-0.991111 14.708045
-0.991111 14.711057
0.968889 -14.9658
0.971111 -15.003779
-0.977778 14.563798
-0.975556 14.562196
0.964444 -14.869557
0.955556 -14.760612
0.957778 -14.839084
-0.915556 13.466107
-0.895556 13.326766
-0.844444 12.589768
0.875556 -13.528934
0.795556 -12.487874
0.782222 -12.057591
-0.266667 4.16159
0.197778 -3.57885
0.0266667 -1.2064497
-0.215556 3.3262844
0.246667 -4.23607
-0.00444444 -0.029562354
-0.375556 5.569381
0.157778 -3.0464323
-0.288889 3.7883837
-0.0288889 0.16788197
-0.0311111 0.08039412
-0.0888889 1.3662684
0.0133333 -0.34469354
0.126667 -2.2382078
0.0666667 -1.0102277
-0.0288889 0.4471559
-0.1 1.2505083
-0.191111 3.325662
-0.142222 1.4807656
-1.0 14.851756
0.995556 -15.380105
-0.997778 14.821586
-1.0 14.851756
-0.993333 14.704009
0.993333 -15.32804
-0.995556 14.796266
0.988889 -15.266622
-0.98 14.512235
0.966667 -14.887988
-0.964444 14.388049
-0.964444 14.266515
0.964444 -14.98136
-0.933333 13.753316
0.962222 -14.872449
-0.904444 13.327291
-0.913333 13.452619
-0.853333 12.551724
-0.851111 12.612554
-0.853333 12.569139
0.253333 -4.150304
0.0933333 -1.4110866
-0.202222 2.9149594
0.184444 -3.3030946
-0.344444 5.4705577
0.273333 -4.3249874
-0.191111 2.723438
-0.186667 2.7663763
-0.0466667 0.112305164
0.00888889 -0.40147358
0.0955556 -1.3252223
0.08 -1.7297745
0.0866667 -1.3337412
0.0466667 -1.4559283
0.166667 -2.545366
0.18 -3.2621768
0.0266667 -0.70132554
-0.0688889 0.7669657
0.0733333 -1.3752911
-0.124444 1.6985602
1.0 -15.447907
0.997778 -15.426425
-0.997778 14.821719
0.995556 -15.424224
1.0 -15.447907
-0.993333 14.766585
-0.991111 14.787272
-0.991111 14.722266
-0.984444 14.58921
-0.98 14.522927
0.971111 -14.995259
-0.96 14.148925
0.966667 -14.920407
0.915556 -14.262893
-0.882222 13.192367
0.94 -14.581191
0.871111 -13.620025
0.886667 -13.683707
-0.773333 11.379277
-0.695556 10.26239
-0.355556 5.048529
0.206667 -3.5776298
0.542222 -8.317996
0.437778 -6.645613
-0.153333 2.2617373
0.0644444 -0.809174
-0.155556 2.016256
-0.226667 3.3878891
0.251111 -4.0178266
0.126667 -2.0819747
0.0533333 -1.3437085
0.213333 -3.996278
0.0822222 -1.7320619
-0.14 1.6015229
0.146667 -2.059688
0.0711111 -1.4869013
-0.106667 1.5925105
0.00444444 0.007491529
0.06 -0.76606023
0.111111 -2.194982
-1.0 14.851756
-0.997778 14.83108
0.997778 -15.417489
-0.995556 14.780229
0.995556 -15.399711
0.993333 -15.329925
-0.988889 14.677854
-0.993333 14.750915
-0.991111 14.709962
-0.982222 14.546254
-0.966667 14.289575
-0.962222 14.197608
-0.964444 14.238059
-0.944444 14.015105
-0.962222 14.255872
0.942222 -14.623452
-0.844444 12.374049
-0.831111 12.420121
-0.771111 11.357381
0.817778 -12.799813
-0.297778 3.9985979
-0.773333 11.398553
-0.548889 7.8207345
0.311111 -5.0784154
-0.484444 7.238069
-0.251111 3.4373004
0.24 -4.207464
-0.0711111 0.6179512
-0.0244444 0.26002973
-0.197778 2.5473664
0.00666667 -0.27492768
-0.0488889 0.42573756
0.0311111 -0.7042121
0.1 -1.9525023
0.0311111 -0.94498616
0.0311111 -1.3995903
0.206667 -3.4614255
0.0533333 -0.8216561
-0.0177778 0.12101889
-0.0266667 0.024893582
-0.997778 14.799464
-1.0 14.851756
-0.995556 14.778811
0.993333 -15.370173
0.993333 -15.360606
-0.995556 14.799554
-0.984444 14.580594
0.98 -15.074927
0.995556 -15.371661
0.991111 -15.3099165
-0.982222 14.552581
0.975556 -15.147721
-0.96 14.276999
0.922222 -14.249343
0.906667 -13.933198
-0.935556 13.930026
0.964444 -14.918767
0.864444 -13.369283
0.813333 -12.540059
0.388889 -6.5487237
-0.482222 6.7111673
-0.146667 1.4995608
0.435556 -6.545706
-0.373333 5.2043858
0.102222 -2.0735574
0.282222 -4.6029634
0.215556 -3.1696815
0.0955556 -1.6177168
-0.06 0.2335177
0.0355556 -0.70492184
0.193333 -2.9682014
0.0666667 -1.1720002
0.0222222 -0.614424
-0.0533333 0.42277163
-0.115556 1.572478
0.111111 -2.241026
0.0644444 -0.92220336
-0.0288889 0.1411491
0.0333333 -0.9356113
-0.0222222 -0.12140216
1.0 -15.447907
0.995556 -15.364577
-1.0 14.851756
-0.997778 14.8261175
-1.0 14.851756
-0.995556 14.821229
-0.986667 14.639808
-0.975556 14.485049
-0.984444 14.6060705
0.988889 -15.2977705
-0.977778 14.464625
0.964444 -14.9039545
-0.975556 14.539489
0.915556 -14.063867
-0.893333 13.172229
0.88 -13.741847
0.951111 -14.741973
-0.851111 12.68492
0.826667 -12.70717
0.895556 -13.9138975
-0.233333 3.0758595
-0.408889 6.0422597
0.588889 -9.664321
0.397778 -6.7160735
-0.22 3.031956
-0.486667 7.468537
-0.277778 3.5199828
-0.0222222 0.38603622
-0.0911111 0.98719543
0.0155556 -0.6622536
0.206667 -3.306291
-0.0444444 0.4177478
-0.108889 1.4146197
0.155556 -2.7436352
-0.0777778 1.3439806
0.00222222 -0.09515807
-0.104444 1.5374606
0.104444 -1.6080699
-0.0177778 0.4700125
0.14 -2.7070484
-0.997778 14.820035
-0.997778 14.820912
0.997778 -15.406735
0.997778 -15.407813
1.0 -15.447907
-0.997778 14.794045
0.993333 -15.33311
0.991111 -15.335637
-0.98 14.522908
0.968889 -14.993382
0.993333 -15.297494
0.951111 -14.584966
-0.937778 13.87353
-0.957778 14.198586
-0.897778 13.2877035
-0.94 13.958989
-0.877778 12.81063
-0.904444 13.34398
-0.9 13.454242
0.78 -12.170615
-0.306667 4.5849786
0.304444 -4.920121
-0.204444 3.1502569
-0.184444 2.0105555
-0.0333333 0.3076735
-0.206667 3.2043767
0.104444 -2.1059818
0.0644444 -0.9539481
-0.128889 1.5187919
-0.06 1.221061
0.0311111 -0.7477304
0.135556 -1.8815336
0.122222 -2.0667436
-0.0622222 0.57859045
0.202222 -3.514108
0.0177778 -0.48796225
-0.0733333 0.7565282
0.146667 -2.7519085
0.0577778 -1.3970373
0.0755556 -1.4889836
-1.0 14.851756
0.997778 -15.426755
1.0 -15.447907
0.995556 -15.382873
-0.991111 14.673102
-0.988889 14.705562
0.984444 -15.254855
0.993333 -15.355422
0.991111 -15.309573
0.986667 -15.21098
0.98 -15.217992
-0.982222 14.498927
0.966667 -14.8018675
0.922222 -14.133758
0.928889 -14.210351
0.92 -14.319686
0.884444 -13.739503
0.886667 -13.823394
-0.873333 12.876252
-0.795556 11.690631
-0.266667 3.5786448
0.151111 -2.6363137
-0.24 3.6562364
-0.213333 3.2055528
0.0288889 -0.07464206
-0.193333 2.7161713
-0.226667 3.2548473
-0.02 0.39908236
0.0266667 -0.9452806
0.0911111 -2.1154993
0.0955556 -1.874865
-0.0133333 -0.22257486
-0.0644444 0.7355235
0.0622222 -1.7300167
0.0177778 -0.84373957
-0.168889 2.5448291
-0.0911111 1.4367299
-0.0222222 -0.22000778
-0.0488889 0.54668206
-0.111111 1.5506358
-1.0 14.851756
-0.991111 14.6999655
0.997778 -15.419887
-1.0 14.851756
-0.997778 14.81273
0.995556 -15.360101
-0.993333 14.746545
-0.98 14.534873
-0.991111 14.721671
0.988889 -15.2598505
-0.984444 14.623527
-0.973333 14.451724
-0.948889 14.193957
-0.973333 14.4129095
0.933333 -14.633048
0.886667 -13.704537
-0.897778 13.058791
-0.913333 13.4276705
0.895556 -13.818965
-0.673333 9.800459
-0.686667 9.748921
0.662222 -10.645707
0.0244444 -0.13156803
-0.155556 2.1312058
-0.0555556 0.48131543
-0.104444 0.787885
-0.0288889 -0.18566696
0.0133333 -1.1231015
-0.0555556 0.77061397
0.284444 -4.296984
-0.0822222 0.5441707
-0.115556 1.458158
-0.182222 2.6251547
-0.0333333 0.3242194
-0.0311111 0.08050677
-0.291111 4.206074
-0.166667 2.6532247
-0.175556 2.5362837
-0.102222 1.5004356
0.0511111 -1.4157133
-1.0 14.851756
1.0 -15.447907
-0.995556 14.774215
0.997778 -15.403571
-0.997778 14.84592
-0.997778 14.807582
0.988889 -15.266662
-0.991111 14.706283
-0.986667 14.661796
-0.984444 14.586331
-0.988889 14.69188
0.971111 -15.093871
0.971111 -15.068099
-0.931111 13.697103
-0.937778 13.719388
-0.944444 14.010356
0.935556 -14.3901415
0.913333 -14.075124
0.731111 -11.420145
0.78 -12.306275
-0.66 9.59282
-0.0266667 0.15338078
0.0111111 -0.17795195
-0.155556 1.4563432
-0.251111 4.0793886
-0.215556 2.9916835
0.0777778 -1.1922686
-0.0822222 0.8811055
0.00222222 -0.5119503
-0.193333 2.6272697
0.0422222 -1.201993
-0.0177778 -0.21814367
0.135556 -2.4766722
-0.0155556 0.1301496
-0.0355556 -0.008006573
-0.0577778 0.36071342
0.08 -1.4494553
0.0911111 -1.388031
-0.142222 1.8008068
0.00444444 -0.14328569
-1.0 14.851756
1.0 -15.447907
1.0 -15.447907
0.997778 -15.416137
-0.997778 14.805764
-0.995556 14.7559805
-0.997778 14.793811
0.986667 -15.250358
-0.991111 14.712304
0.984444 -15.244691
-0.957778 14.225266
-0.98 14.583278
-0.977778 14.495391
-0.966667 14.407714
-0.96 14.245528
-0.873333 12.81145
0.915556 -14.074208
-0.853333 12.888658
0.797778 -12.663444
0.791111 -12.1964655
-0.728889 10.683158
-0.717778 10.813382
0.502222 -7.8739376
-0.00888889 -0.3934629
0.397778 -5.9650173
0.137778 -2.0951521
-0.0466667 0.40699345
0.0311111 -0.49660844
-0.04 0.2621662
-0.202222 2.4339979
0.0933333 -1.6006584
0.14 -2.4139333
-0.122222 1.5480189
0.0422222 -0.623987
-0.0688889 0.74725014
0.0511111 -0.4432065
-0.151111 2.2967184
-0.06 0.7573212
0.0444444 -0.6798647
-0.157778 2.0199735
0.997778 -15.423659
1.0 -15.447907
1.0 -15.447907
1.0 -15.447907
0.995556 -15.373748
-0.993333 14.717071
-0.988889 14.718757
-0.997778 14.776639
0.982222 -15.24241
-0.991111 14.691707
0.964444 -14.91467
-0.973333 14.43579
-0.968889 14.274274
0.964444 -14.946477
-0.94 13.807078
0.955556 -14.718141
-0.917778 13.593247
0.871111 -13.364415
0.842222 -13.197106
0.706667 -11.2824335
-0.113333 1.0855873
0.371111 -6.390724
0.128889 -2.3537061
-0.0555556 0.9727115
-0.0133333 0.24405044
0.444444 -6.755274
0.00888889 0.008951843
-0.0977778 1.0006955
-0.295556 3.9069822
-0.231111 3.2712343
-0.12 1.6169827
-0.0511111 0.4078403
-0.115556 1.8444493
-0.04 0.14710417
-0.122222 1.451416
-0.148889 2.0220666
0.0911111 -1.2125158
-0.113333 1.4418464
0.0822222 -1.8914678
-0.0355556 0.21796715
-1.0 14.851756
-0.995556 14.770724
-1.0 14.851756
-1.0 14.851756
0.995556 -15.38684
-0.995556 14.807296
-0.991111 14.672406
-0.995556 14.7845545
-0.982222 14.608863
0.988889 -15.264802
-0.942222 14.076762
-0.953333 14.146258
0.964444 -14.977469
0.942222 -14.563495
0.92 -14.393775
-0.931111 13.819169
-0.926667 13.606761
0.924444 -14.29522
0.886667 -13.823306
-0.782222 11.475629
-0.471111 6.7657495
0.273333 -4.3623405
-0.324444 4.795921
0.204444 -3.514967
0.628889 -9.897309
-0.0622222 0.19758517
0.315556 -5.2229342
-0.231111 3.1273742
-0.213333 3.2266996
0.0222222 -0.4187029
-0.128889 1.5133789
-0.0355556 -0.00050380826
0.0822222 -1.9469428
0.00666667 -0.15806162
0.0955556 -1.6628354
-0.0355556 -0.3541745
0.144444 -2.6190188
-0.0866667 1.111851
0.162222 -2.8869965
0.0244444 -0.5503686
0.997778 -15.395722
1.0 -15.447907
-1.0 14.851756
-1.0 14.851756
0.997778 -15.406581
-0.991111 14.722262
0.995556 -15.402461
0.993333 -15.350295
-0.995556 14.83472
-0.995556 14.769927
-0.98 14.566634
0.966667 -14.934312
-0.953333 14.065124
-0.946667 14.030189
0.942222 -14.588164
0.902222 -13.814925
0.902222 -13.993539
0.853333 -13.195239
0.724444 -11.463357
-0.591111 8.773423
-0.495556 7.6007595
0.188889 -3.6973138
-0.271111 3.7155511
0.277778 -4.110225
-0.175556 2.267421
-0.104444 1.3297126
-0.0555556 0.064080715
-0.0311111 0.5791984
0.124444 -1.7326171
-0.271111 3.6524615
0.117778 -2.1347141
0.0377778 -0.91043335
-0.0844444 0.5122214
-0.0844444 1.0115151
0.0755556 -1.6686823
0.0888889 -1.3073905
0.00888889 -0.2204553
-0.12 1.7463851
0.08 -1.4967735
0.00222222 -0.44689825
1.0 -15.447907
0.997778 -15.423657
-1.0 14.851756
-1.0 14.851756
0.997778 -15.469359
-0.988889 14.6968565
0.991111 -15.320504
-0.993333 14.7400675
0.991111 -15.33414
-0.982222 14.541781
-0.964444 14.29416
0.982222 -15.179379
-0.968889 14.439158
-0.964444 14.185918
0.926667 -14.386571
0.906667 -14.255349
0.915556 -14.214862
-0.886667 13.03954
-0.811111 12.03646
0.153333 -2.9266293
-0.604444 8.78147
0.357778 -5.509364
0.497778 -7.599602
-0.0333333 0.14545327
0.0911111 -1.5067265
0.284444 -4.4244523
-0.0755556 1.0194006
-0.0755556 0.91290754
-0.00666667 -0.27424455
0.182222 -2.6511648
-0.211111 3.4035318
0.02 -0.7749723
0.0866667 -1.9511647
0.171111 -2.7145908
-0.182222 1.7950275
0.0222222 -0.75999594
-0.0288889 0.62657624
-0.117778 1.5941496
0.0577778 -0.9682813
-0.0133333 0.2630729
1.0 -15.447907
-0.997778 14.817815
0.995556 -15.371701
1.0 -15.447907
-0.995556 14.795503
-0.991111 14.670638
-0.997778 14.810304
-0.993333 14.773131
-0.991111 14.704366
-0.984444 14.625369
0.977778 -15.14857
-0.977778 14.48879
-0.962222 14.388316
0.96 -14.893615
0.944444 -14.576009
0.951111 -14.679936
0.924444 -14.391973
0.884444 -13.744309
-0.842222 12.512816
0.664444 -10.440175
-0.788889 11.401874
0.78 -12.167453
0.484444 -7.563355
0.284444 -4.662096
-0.433333 6.264873
-0.271111 3.6978242
0.137778 -2.3305233
0.0311111 -1.2807193
0.0444444 -0.9102245
-0.122222 0.99662477
0.0711111 -1.1238537
-0.0133333 0.030589253
-0.144444 2.040408
0.00222222 -0.27551293
0.00666667 0.21920711
0.128889 -2.2855814
-0.0377778 0.4975472
0.175556 -3.2527673
0.0133333 -0.5783764
0.0222222 -0.32339555
-0.997778 14.829938
1.0 -15.447907
-1.0 14.851756
1.0 -15.447907
0.993333 -15.346925
-0.995556 14.81804
0.993333 -15.369689
-0.991111 14.704276
0.991111 -15.29766
0.984444 -15.241586
0.982222 -15.155515
0.968889 -14.992312
0.946667 -14.681603
-0.966667 14.402305
0.96 -14.848559
-0.908889 13.376227
-0.884444 13.215592
0.804444 -12.448125
-0.862222 12.815326
-0.757778 11.177325
-0.533333 7.5357304
-0.253333 3.2245998
0.248889 -4.2623725
-0.151111 2.013187
0.111111 -1.6434085
-0.282222 3.7103121
0.00444444 -0.08129448
0.308889 -4.8957524
-0.148889 2.084768
-0.253333 3.7022216
-0.0644444 0.74376374
0.171111 -2.8340547
-0.0133333 -0.12047605
-0.122222 1.7900474
-0.00666667 -0.1187409
-0.135556 1.8294041
-0.0933333 1.0909176
0.0822222 -1.2947276
0.0577778 -1.14151
-0.126667 1.2300735
-1.0 14.851756
-1.0 14.851756
0.997778 -15.428597
-0.986667 14.639716
0.993333 -15.329366
0.991111 -15.303126
0.988889 -15.25007
0.984444 -15.223939
-0.984444 14.58768
-0.971111 14.482127
0.991111 -15.313848
-0.982222 14.597323
0.98 -15.16046
0.924444 -14.257852
-0.948889 14.036323
-0.926667 13.84953
-0.842222 12.478591
-0.888889 13.303103
0.782222 -12.071513
0.815556 -12.576493
-0.666667 9.796649
0.693333 -11.056346
0.264444 -3.703484
0.257778 -4.37
0.0977778 -1.5950904
0.182222 -3.0276308
0.264444 -4.1595287
-0.0222222 -0.21685229
-0.164444 2.3183322
0.0 -0.8197296
-0.164444 2.5831378
0.0533333 -0.6326768
-0.0488889 0.65643996
0.0422222 -0.94434816
0.0288889 -0.37727314
-0.0244444 -0.32583475
0.0488889 -0.88441235
0.0711111 -1.0628781
-0.0444444 0.4176839
-0.0266667 0.14635834
1.0 -15.447907
0.997778 -15.440211
1.0 -15.447907
1.0 -15.447907
-0.995556 14.788127
-0.993333 14.766242
-0.995556 14.79172
0.988889 -15.254016
-0.995556 14.838618
-0.986667 14.627582
-0.968889 14.3151045
-0.986667 14.667342
0.971111 -15.035937
0.931111 -14.300645
0.913333 -14.160045
0.928889 -14.381742
-0.92 13.607615
-0.906667 13.509515
-0.873333 12.842656
0.826667 -12.827321
-0.735556 10.884842
0.0911111 -1.363889
-0.3 4.5752215
0.1 -1.8173401
-0.0422222 0.4530961
0.302222 -5.1797113
0.28 -4.5452256
-0.217778 3.0740364
-0.124444 2.1016054
-0.102222 1.0877962
-0.0244444 -0.120135844
-0.02 0.04628563
-0.0422222 0.21139657
0.142222 -2.6464212
0.0444444 -0.8339657
-0.0555556 0.5034434
-0.213333 2.6649864
0.0755556 -1.4821081
0.204444 -3.499197
-0.0622222 0.5863289
1.0 -15.447907
-1.0 14.851756
1.0 -15.447907
0.997778 -15.420394
-0.997778 14.826011
0.993333 -15.372148
-0.984444 14.582059
-0.986667 14.633061
0.984444 -15.185203
-0.988889 14.683728
-0.98 14.580228
-0.973333 14.43736
-0.977778 14.58221
0.928889 -14.336442
0.953333 -14.855073
0.908889 -13.972287
0.86 -13.552077
-0.937778 13.808192
-0.724444 10.696821
0.833333 -12.662391
-0.0511111 0.2673474
0.0955556 -1.9571698
-0.14 1.673836
0.00444444 -0.9678629
0.184444 -2.977043
-0.233333 3.2846425
0.111111 -1.6538098
-0.0866667 0.84188646
-0.253333 3.4090865
-0.0822222 0.9119232
-0.106667 1.2623377
-0.0355556 0.10970253
-0.0933333 0.81431395
0.111111 -2.0382802
0.0844444 -1.7266946
0.0911111 -1.5401962
0.0911111 -1.8601983
-0.0822222 1.098789
-0.0955556 0.9533748
-0.0422222 0.25050873
1.0 -15.447907
-1.0 14.851756
0.997778 -15.414075
-1.0 14.851756
0.995556 -15.398437
-0.997778 14.821458
1.0 -15.447907
-0.993333 14.769063
-0.986667 14.692821
0.982222 -15.196963
-0.964444 14.376182
-0.964444 14.214528
0.964444 -14.885783
0.953333 -14.7402525
-0.935556 13.898129
-0.891111 13.286967
0.911111 -14.167247
-0.895556 13.290395
0.762222 -11.79238
0.511111 -8.154303
0.317778 -5.3832536
-0.0377778 0.14985174
-0.457778 6.870542
0.271111 -4.2334256
0.333333 -5.553616
0.0977778 -2.4198105
0.0666667 -1.5969439
0.16 -2.9130254
0.231111 -3.899232
-0.0311111 -0.07733953
-0.04 0.4270355
-0.222222 3.080539
-0.0777778 0.86075217
0.1 -1.9789612
0.0222222 -1.0116594
0.324444 -5.0487947
-0.0933333 1.0135026
0.0311111 -0.817567
0.0777778 -1.0815535
-0.151111 1.8069093
-1.0 14.851756
-0.997778 14.806642
0.997778 -15.403932
0.997778 -15.423448
1.0 -15.447907
-0.986667 14.6517
-0.997778 14.822225
0.973333 -15.007039
-0.984444 14.562335
-0.977778 14.517295
0.957778 -14.812398
0.977778 -15.092776
0.955556 -14.827294
0.964444 -14.905709
0.946667 -14.558965
-0.931111 13.697383
-0.911111 13.6227045
-0.853333 12.766355
0.882222 -13.645076
0.788889 -12.073027
-0.308889 4.029795
0.76 -11.664003
-0.622222 9.279045
-0.604444 8.654133
0.342222 -5.292539
-0.0133333 0.38958818
0.22 -3.3378856
0.0577778 -1.6952729
-0.0244444 -0.18654878
-0.113333 1.9953082
-0.177778 2.5107439
-0.135556 1.6992114
-0.0955556 1.2601664
-0.0777778 0.6242662
0.108889 -1.889508
0.144444 -2.3602238
0.0911111 -1.4822257
-0.108889 1.3776605
-0.162222 1.6903396
-0.0244444 0.28332096
1.0 -15.447907
-1.0 14.851756
0.997778 -15.3940325
0.997778 -15.404857
-0.995556 14.780759
-0.986667 14.636939
0.995556 -15.371673
0.984444 -15.188685
-0.986667 14.632298
0.991111 -15.32524
-0.975556 14.518197
-0.973333 14.561856
-0.942222 13.903214
-0.953333 14.1306505
0.915556 -14.263799
-0.953333 14.240479
-0.846667 12.740094
-0.926667 13.859138
-0.773333 11.38057
-0.76 11.351138
0.746667 -11.41691
0.108889 -2.2683437
-0.155556 2.0732067
-0.122222 1.843348
-0.0111111 -0.040888786
0.195556 -3.2505054
0.44 -6.9874754
-0.04 0.659697
-0.0977778 1.5071039
-0.0866667 1.1099741
0.14 -2.4858367
0.153333 -2.5041022
0.1 -1.9362309
0.171111 -3.0963552
0.135556 -1.9911208
0.113333 -1.9230866
0.0133333 -0.89266735
0.124444 -2.2108123
0.108889 -2.0207517
0.0155556 -0.7695681
-1.0 14.851756
1.0 -15.447907
-0.995556 14.7720995
-0.997778 14.821275
1.0 -15.447907
-0.993333 14.784734
0.984444 -15.194884
0.986667 -15.284202
0.986667 -15.225465
-0.982222 14.618506
0.977778 -15.182439
0.966667 -14.973983
0.944444 -14.552192
0.966667 -15.015012
0.926667 -14.439788
-0.922222 13.676412
-0.8 11.98842
0.913333 -14.159688
-0.775556 11.436435
-0.7 10.507785
0.762222 -11.73361
0.193333 -2.9545562
-0.106667 1.4677904
-0.191111 2.059735
-0.0244444 -0.12599623
-0.117778 1.3694706
-0.257778 3.5741465
0.117778 -2.0883644
-0.102222 1.6621563
0.0888889 -1.8597071
-0.0822222 1.2390854
-0.0466667 0.59008926
-0.135556 1.855118
0.0955556 -1.7256212
0.0666667 -1.0833242
0.00666667 -0.24878141
-0.137778 1.5679774
-0.106667 1.1003201
-0.0755556 1.0191932
0.0711111 -1.3624914
