x y
1.0 2.2261147
1.0 2.2261147
0.997778 2.2078347
-0.997778 -15.4358425
0.997778 2.2052321
-0.997778 -15.437849
-0.988889 -15.35923
0.988889 2.117537
0.971111 1.960216
-0.988889 -15.346182
-0.973333 -15.2383175
0.962222 1.960629
-0.973333 -15.225508
-0.951111 -15.019695
-0.946667 -14.954077
-0.897778 -14.510557
0.915556 1.4901967
-0.835556 -13.948645
0.797778 0.5788255
0.771111 0.2388196
-0.191111 -8.506386
-0.546667 -11.338846
-0.306667 -9.391985
0.226667 -4.3760004
-0.231111 -8.822687
0.22 -4.5857162
-0.0355556 -6.9873114
0.177778 -5.1336937
0.266667 -4.322914
0.0111111 -6.5941253
-0.113333 -7.641528
0.0622222 -6.003815
0.0288889 -6.551317
-0.0555556 -6.999469
0.0222222 -6.3136806
-0.108889 -7.5700765
-0.131111 -7.973256
0.133333 -5.5655117
-0.0266667 -7.0039086
0.00888889 -6.450472
1.0 2.2261147
1.0 2.2261147
-0.995556 -15.401262
-0.997778 -15.45158
-0.993333 -15.40646
-0.986667 -15.308456
-0.991111 -15.377974
-0.991111 -15.389267
0.968889 1.9605222
0.971111 1.9935212
-0.977778 -15.251144
-0.975556 -15.243555
0.964444 1.9543147
0.955556 1.8154292
0.957778 1.885467
-0.915556 -14.68989
-0.895556 -14.62929
-0.844444 -14.013653
0.875556 1.1775241
0.795556 0.507216
0.782222 0.27112055
-0.266667 -9.146305
0.197778 -4.664958
0.0266667 -6.391666
-0.215556 -8.489139
0.246667 -4.307855
-0.00444444 -6.7921605
-0.375556 -10.01754
0.157778 -5.288248
-0.288889 -9.163285
-0.0288889 -7.010256
-0.0311111 -6.851452
-0.0888889 -7.3938413
0.0133333 -6.50917
0.126667 -5.510996
0.0666667 -6.188293
-0.0288889 -6.872659
-0.1 -7.5476236
-0.191111 -8.337315
-0.142222 -8.04537
-1.0 -15.456579
0.995556 2.18671
-0.997778 -15.435019
-1.0 -15.456579
-0.993333 -15.406021
0.993333 2.1856751
-0.995556 -15.437708
0.988889 2.1074166
-0.98 -15.303326
0.966667 1.920011
-0.964444 -15.096615
-0.964444 -15.097521
0.964444 1.9389892
-0.933333 -15.003662
0.962222 1.9088092
-0.904444 -14.639139
-0.913333 -14.733463
-0.853333 -14.10804
-0.851111 -14.137224
-0.853333 -14.177893
0.253333 -4.5907784
0.0933333 -5.7006545
-0.202222 -8.573019
0.184444 -5.0358124
-0.344444 -9.709274
0.273333 -4.183829
-0.191111 -8.327326
-0.186667 -8.558986
-0.0466667 -7.056407
0.00888889 -6.6453953
0.0955556 -5.8532944
0.08 -6.1176715
0.0866667 -5.907039
0.0466667 -5.914865
0.166667 -5.1305857
0.18 -5.122726
0.0266667 -6.5143948
-0.0688889 -7.152467
0.0733333 -5.966995
-0.124444 -7.465468
1.0 2.2261147
0.997778 2.2098765
-0.997778 -15.431549
0.995556 2.189443
1.0 2.2261147
-0.993333 -15.395212
-0.991111 -15.378912
-0.991111 -15.407715
-0.984444 -15.328026
-0.98 -15.280605
0.971111 1.9722705
-0.96 -15.073545
0.966667 1.9356732
0.915556 1.4625001
-0.882222 -14.513527
0.94 1.7160506
0.871111 1.061173
0.886667 1.1966805
-0.773333 -13.527678
-0.695556 -12.833124
-0.355556 -9.899039
0.206667 -4.825767
0.542222 -1.7022853
0.437778 -2.7833695
-0.153333 -7.8400164
0.0644444 -6.2300897
-0.155556 -8.000662
-0.226667 -8.770075
0.251111 -4.5740395
0.126667 -5.6848197
0.0533333 -5.996275
0.213333 -4.797333
0.0822222 -5.741427
-0.14 -7.854701
0.146667 -5.5469418
0.0711111 -5.849782
-0.106667 -7.6943283
0.00444444 -6.62358
0.06 -6.087713
0.111111 -5.7428045
-1.0 -15.456579
-0.997778 -15.430265
0.997778 2.2124324
-0.995556 -15.426832
0.995556 2.2037797
0.993333 2.1627755
-0.988889 -15.377228
-0.993333 -15.399897
-0.991111 -15.368309
-0.982222 -15.305033
-0.966667 -15.128756
-0.962222 -15.143066
-0.964444 -15.153646
-0.944444 -14.98229
-0.962222 -15.097227
0.942222 1.7194781
-0.844444 -14.028717
-0.831111 -13.965879
-0.771111 -13.402081
0.817778 0.5650077
-0.297778 -9.213512
-0.773333 -13.46924
-0.548889 -11.4847355
0.311111 -3.9069123
-0.484444 -10.905561
-0.251111 -8.822534
0.24 -4.41546
-0.0711111 -7.160625
-0.0244444 -6.806937
-0.197778 -8.283319
0.00666667 -6.506616
-0.0488889 -6.7571163
0.0311111 -6.4720745
0.1 -5.5591736
0.0311111 -6.3284516
0.0311111 -6.270199
0.206667 -4.8627014
0.0533333 -6.2215395
-0.0177778 -6.8119755
-0.0266667 -6.8029327
-0.997778 -15.43021
-1.0 -15.456579
-0.995556 -15.406149
0.993333 2.1790118
0.993333 2.148993
-0.995556 -15.413855
-0.984444 -15.344795
0.98 2.0601344
0.995556 2.1829562
0.991111 2.1322627
-0.982222 -15.280119
0.975556 2.0139127
-0.96 -15.107874
0.922222 1.5181298
0.906667 1.3194642
-0.935556 -14.868618
0.964444 1.9211373
0.864444 1.0424657
0.813333 0.6438775
0.388889 -3.2503033
-0.482222 -10.867306
-0.146667 -7.621802
0.435556 -2.9575622
-0.373333 -9.863226
0.102222 -5.665265
0.282222 -4.1013703
0.215556 -4.5452027
0.0955556 -5.80387
-0.06 -7.180103
0.0355556 -6.289448
0.193333 -5.010022
0.0666667 -5.9460187
0.0222222 -6.368033
-0.0533333 -7.1582446
-0.115556 -7.4599214
0.111111 -5.8426485
0.0644444 -6.0358906
-0.0288889 -7.10148
0.0333333 -6.33328
-0.0222222 -6.789802
1.0 2.2261147
0.995556 2.1784654
-1.0 -15.456579
-0.997778 -15.43746
-1.0 -15.456579
-0.995556 -15.4231205
-0.986667 -15.34543
-0.975556 -15.247435
-0.984444 -15.311462
0.988889 2.118936
-0.977778 -15.215675
0.964444 1.8681884
-0.975556 -15.277203
0.915556 1.4342952
-0.893333 -14.4563675
0.88 1.165854
0.951111 1.8800359
-0.851111 -14.234306
0.826667 0.64173174
0.895556 1.2171168
-0.233333 -8.695307
-0.408889 -10.139992
0.588889 -1.4645104
0.397778 -3.0060136
-0.22 -8.776644
-0.486667 -10.959173
-0.277778 -8.958334
-0.0222222 -6.90772
-0.0911111 -7.1642785
0.0155556 -6.170828
0.206667 -4.724448
-0.0444444 -6.937284
-0.108889 -7.5835156
0.155556 -5.189611
-0.0777778 -7.415346
0.00222222 -6.8671656
-0.104444 -7.538024
0.104444 -5.8690476
-0.0177778 -6.971676
0.14 -5.354516
-0.997778 -15.442799
-0.997778 -15.440702
0.997778 2.200726
0.997778 2.2077737
1.0 2.2261147
-0.997778 -15.437738
0.993333 2.1700482
0.991111 2.1372485
-0.98 -15.277779
0.968889 1.9264379
0.993333 2.1540828
0.951111 1.7838264
-0.937778 -14.881527
-0.957778 -15.117523
-0.897778 -14.578676
-0.94 -14.900251
-0.877778 -14.323727
-0.904444 -14.632326
-0.9 -14.553951
0.78 0.26797247
-0.306667 -9.321622
0.304444 -4.0577707
-0.204444 -8.471442
-0.184444 -8.112384
-0.0333333 -6.9124866
-0.206667 -8.42139
0.104444 -5.8234015
0.0644444 -6.1597805
-0.128889 -7.779538
-0.06 -7.3338323
0.0311111 -6.4032364
0.135556 -5.3924522
0.122222 -5.585349
-0.0622222 -7.1154747
0.202222 -4.9940605
0.0177778 -6.6198316
-0.0733333 -7.416473
0.146667 -5.5971103
0.0577778 -6.288799
0.0755556 -5.9408026
-1.0 -15.456579
0.997778 2.2067533
1.0 2.2261147
0.995556 2.185948
-0.991111 -15.358391
-0.988889 -15.3618355
0.984444 2.0786376
0.993333 2.1775928
0.991111 2.1619039
0.986667 2.0993915
0.98 2.1118274
-0.982222 -15.285915
0.966667 1.8836904
0.922222 1.5568528
0.928889 1.6390634
0.92 1.430922
0.884444 1.1029782
0.886667 1.1748824
-0.873333 -14.297085
-0.795556 -13.633623
-0.266667 -9.033402
0.151111 -5.214621
-0.24 -9.138216
-0.213333 -8.546123
0.0288889 -6.5833983
-0.193333 -8.369514
-0.226667 -8.589536
-0.02 -6.8271074
0.0266667 -6.4727817
0.0911111 -5.7897305
0.0955556 -5.818901
-0.0133333 -6.9569855
-0.0644444 -6.9963255
0.0622222 -5.9464707
0.0177778 -6.3733034
-0.168889 -8.290701
-0.0911111 -7.645456
-0.0222222 -6.751727
-0.0488889 -7.0121946
-0.111111 -7.7725725
-1.0 -15.456579
-0.991111 -15.38969
0.997778 2.2001653
-1.0 -15.456579
-0.997778 -15.442867
0.995556 2.1804261
-0.993333 -15.404324
-0.98 -15.27022
-0.991111 -15.36112
0.988889 2.1285386
-0.984444 -15.332748
-0.973333 -15.2342415
-0.948889 -15.051687
-0.973333 -15.213783
0.933333 1.6652579
0.886667 1.1396432
-0.897778 -14.553436
-0.913333 -14.690899
0.895556 1.2680621
-0.673333 -12.464899
-0.686667 -12.766081
0.662222 -0.47390985
0.0244444 -6.5176616
-0.155556 -7.8261013
-0.0555556 -7.0939646
-0.104444 -7.284016
-0.0288889 -6.770678
0.0133333 -6.313262
-0.0555556 -7.1119294
0.284444 -4.274473
-0.0822222 -7.2179103
-0.115556 -7.719351
-0.182222 -8.214264
-0.0333333 -6.8383884
-0.0311111 -6.776582
-0.291111 -9.233582
-0.166667 -7.9132185
-0.175556 -8.134006
-0.102222 -7.605839
0.0511111 -6.0230126
-1.0 -15.456579
1.0 2.2261147
-0.995556 -15.413984
0.997778 2.2089362
-0.997778 -15.44046
-0.997778 -15.428879
0.988889 2.150477
-0.991111 -15.365206
-0.986667 -15.3273945
-0.984444 -15.312538
-0.988889 -15.367414
0.971111 1.9957976
0.971111 1.9617229
-0.931111 -14.85442
-0.937778 -14.908747
-0.944444 -14.988024
0.935556 1.7147574
0.913333 1.4598956
0.731111 0.002052784
0.78 0.38273096
-0.66 -12.507502
-0.0266667 -6.9699326
0.0111111 -6.682758
-0.155556 -7.9407454
-0.251111 -8.960827
-0.215556 -8.560445
0.0777778 -6.098015
-0.0822222 -7.2511387
0.00222222 -6.390673
-0.193333 -8.204973
0.0422222 -6.0850234
-0.0177778 -6.718152
0.135556 -5.1129494
-0.0155556 -6.9257183
-0.0355556 -6.8123684
-0.0577778 -7.2977166
0.08 -6.0223446
0.0911111 -6.028551
-0.142222 -8.027089
0.00444444 -6.6153584
-1.0 -15.456579
1.0 2.2261147
1.0 2.2261147
0.997778 2.2219415
-0.997778 -15.433144
-0.995556 -15.411388
-0.997778 -15.431711
0.986667 2.1093183
-0.991111 -15.397289
0.984444 2.0370774
-0.957778 -15.15534
-0.98 -15.2891445
-0.977778 -15.274437
-0.966667 -15.166458
-0.96 -15.110533
-0.873333 -14.281006
0.915556 1.4570785
-0.853333 -14.216419
0.797778 0.47152662
0.791111 0.5017333
-0.728889 -12.972622
-0.717778 -12.995926
0.502222 -2.3090563
-0.00888889 -6.3347664
0.397778 -3.2744474
0.137778 -5.7413864
-0.0466667 -7.052936
0.0311111 -6.180762
-0.04 -6.8571525
-0.202222 -8.454332
0.0933333 -5.674015
0.14 -5.256466
-0.122222 -7.8110185
0.0422222 -6.1770997
-0.0688889 -7.1268044
0.0511111 -6.2670555
-0.151111 -7.98634
-0.06 -7.259259
0.0444444 -6.1968474
-0.157778 -7.806839
0.997778 2.19455
1.0 2.2261147
1.0 2.2261147
1.0 2.2261147
0.995556 2.188622
-0.993333 -15.389669
-0.988889 -15.357811
-0.997778 -15.421476
0.982222 2.0538173
-0.991111 -15.367594
0.964444 1.9271159
-0.973333 -15.200306
-0.968889 -15.192638
0.964444 1.896359
-0.94 -14.898289
0.955556 1.8342538
-0.917778 -14.767069
0.871111 1.1415238
0.842222 0.75043535
0.706667 -0.27748728
-0.113333 -7.519335
0.371111 -3.1357768
0.128889 -5.303793
-0.0555556 -7.139882
-0.0133333 -6.609983
0.444444 -2.8388498
0.00888889 -6.6483526
-0.0977778 -7.3200974
-0.295556 -8.969597
-0.231111 -8.613115
-0.12 -7.845952
-0.0511111 -6.89341
-0.115556 -7.8092074
-0.04 -6.94416
-0.122222 -7.513078
-0.148889 -8.036522
0.0911111 -5.6597595
-0.113333 -7.58945
0.0822222 -5.7918916
-0.0355556 -7.074735
-1.0 -15.456579
-0.995556 -15.416235
-1.0 -15.456579
-1.0 -15.456579
0.995556 2.188829
-0.995556 -15.417929
-0.991111 -15.381187
-0.995556 -15.437696
-0.982222 -15.324778
0.988889 2.121304
-0.942222 -14.984024
-0.953333 -15.062479
0.964444 1.9655814
0.942222 1.7154565
0.92 1.4669108
-0.931111 -14.890892
-0.926667 -14.77766
0.924444 1.545382
0.886667 1.2503419
-0.782222 -13.46685
-0.471111 -11.006119
0.273333 -4.184232
-0.324444 -9.452783
0.204444 -4.7801948
0.628889 -0.97182417
-0.0622222 -7.2024302
0.315556 -3.8344243
-0.231111 -8.683993
-0.213333 -8.599256
0.0222222 -6.630011
-0.128889 -7.6494646
-0.0355556 -6.893861
0.0822222 -5.7357697
0.00666667 -6.559863
0.0955556 -5.801621
-0.0355556 -7.0257287
0.144444 -5.0780706
-0.0866667 -7.3599215
0.162222 -4.975059
0.0244444 -6.196593
0.997778 2.2039447
1.0 2.2261147
-1.0 -15.456579
-1.0 -15.456579
0.997778 2.213491
-0.991111 -15.357086
0.995556 2.1859078
0.993333 2.153294
-0.995556 -15.409672
-0.995556 -15.414907
-0.98 -15.280218
0.966667 1.9425178
-0.953333 -15.02516
-0.946667 -15.001827
0.942222 1.6461005
0.902222 1.3618598
0.902222 1.3333659
0.853333 0.9362378
0.724444 -0.1135726
-0.591111 -11.785589
-0.495556 -10.978041
0.188889 -4.899712
-0.271111 -9.211836
0.277778 -4.121561
-0.175556 -8.080359
-0.104444 -7.6752872
-0.0555556 -6.916704
-0.0311111 -6.728185
0.124444 -5.3383155
-0.271111 -8.926719
0.117778 -5.5228157
0.0377778 -6.311693
-0.0844444 -7.410526
-0.0844444 -7.681211
0.0755556 -5.6320033
0.0888889 -5.967536
0.00888889 -6.665489
-0.12 -7.687386
0.08 -5.940789
0.00222222 -6.4108377
1.0 2.2261147
0.997778 2.207787
-1.0 -15.456579
-1.0 -15.456579
0.997778 2.2199616
-0.988889 -15.342678
0.991111 2.140699
-0.993333 -15.4012375
0.991111 2.1644654
-0.982222 -15.303879
-0.964444 -15.138853
0.982222 2.0630774
-0.968889 -15.204548
-0.964444 -15.121504
0.926667 1.6105742
0.906667 1.4300714
0.915556 1.5277991
-0.886667 -14.430923
-0.811111 -13.721216
0.153333 -5.387139
-0.604444 -11.840893
0.357778 -3.5128167
0.497778 -2.2085118
-0.0333333 -6.839397
0.0911111 -6.1722565
0.284444 -4.255616
-0.0755556 -7.5055413
-0.0755556 -7.4398246
-0.00666667 -6.572266
0.182222 -5.105415
-0.211111 -8.504823
0.02 -6.2594323
0.0866667 -5.8101997
0.171111 -5.037074
-0.182222 -8.201181
0.0222222 -6.5252905
-0.0288889 -6.8363767
-0.117778 -7.675471
0.0577778 -6.1238737
-0.0133333 -6.9304786
1.0 2.2261147
-0.997778 -15.435034
0.995556 2.1881204
1.0 2.2261147
-0.995556 -15.435804
-0.991111 -15.37779
-0.997778 -15.429592
-0.993333 -15.36791
-0.991111 -15.386034
-0.984444 -15.31171
0.977778 2.0543075
-0.977778 -15.226244
-0.962222 -15.086205
0.96 1.8305135
0.944444 1.7037702
0.951111 1.7320876
0.924444 1.6048026
0.884444 1.219213
-0.842222 -14.080547
0.664444 -0.73801374
-0.788889 -13.444145
0.78 0.32746267
0.484444 -2.4533467
0.284444 -4.2305145
-0.433333 -10.6003895
-0.271111 -9.163858
0.137778 -5.358734
0.0311111 -6.2229176
0.0444444 -6.3000574
-0.122222 -7.486851
0.0711111 -5.9092245
-0.0133333 -6.8440704
-0.144444 -8.02143
0.00222222 -6.584558
0.00666667 -6.862454
0.128889 -5.4861298
-0.0377778 -7.0285945
0.175556 -5.0858135
0.0133333 -6.556375
0.0222222 -6.6661406
-0.997778 -15.445423
1.0 2.2261147
-1.0 -15.456579
1.0 2.2261147
0.993333 2.1601586
-0.995556 -15.428814
0.993333 2.1728082
-0.991111 -15.393105
0.991111 2.1483178
0.984444 2.0841947
0.982222 2.0598931
0.968889 1.9807687
0.946667 1.8153167
-0.966667 -15.137548
0.96 1.8441405
-0.908889 -14.628975
-0.884444 -14.485535
0.804444 0.5280843
-0.862222 -14.125313
-0.757778 -13.427931
-0.533333 -11.158142
-0.253333 -9.094274
0.248889 -4.229698
-0.151111 -8.014712
0.111111 -5.432661
-0.282222 -8.92683
0.00444444 -6.547919
0.308889 -4.027299
-0.148889 -7.8310637
-0.253333 -8.7679825
-0.0644444 -7.2119703
0.171111 -5.033162
-0.0133333 -6.8055177
-0.122222 -7.8423166
-0.00666667 -6.545125
-0.135556 -7.81536
-0.0933333 -7.3094482
0.0822222 -6.003198
0.0577778 -6.007961
-0.126667 -7.678154
-1.0 -15.456579
-1.0 -15.456579
0.997778 2.2165408
-0.986667 -15.351526
0.993333 2.1516204
0.991111 2.148271
0.988889 2.1201568
0.984444 2.0862737
-0.984444 -15.302559
-0.971111 -15.227093
0.991111 2.1407237
-0.982222 -15.280649
0.98 2.0594392
0.924444 1.5967536
-0.948889 -14.990385
-0.926667 -14.854431
-0.842222 -14.058542
-0.888889 -14.433077
0.782222 0.32570887
0.815556 0.63198996
-0.666667 -12.4478245
0.693333 -0.32690096
0.264444 -4.228486
0.257778 -4.2677546
0.0977778 -5.592094
0.182222 -4.981121
0.264444 -4.304003
-0.0222222 -6.8082204
-0.164444 -7.8392863
0.0 -6.6012297
-0.164444 -8.254166
0.0533333 -6.066967
-0.0488889 -7.2399983
0.0422222 -6.266327
0.0288889 -6.2224936
-0.0244444 -6.793293
0.0488889 -5.917393
0.0711111 -5.892143
-0.0444444 -7.098934
-0.0266667 -6.8844724
1.0 2.2261147
0.997778 2.2124906
1.0 2.2261147
1.0 2.2261147
-0.995556 -15.420382
-0.993333 -15.378365
-0.995556 -15.417004
0.988889 2.1132903
-0.995556 -15.417599
-0.986667 -15.339287
-0.968889 -15.181845
-0.986667 -15.345142
0.971111 1.9973989
0.931111 1.6087804
0.913333 1.4461465
0.928889 1.6160188
-0.92 -14.706692
-0.906667 -14.661032
-0.873333 -14.341429
0.826667 0.714622
-0.735556 -13.089308
0.0911111 -5.670382
-0.3 -9.408617
0.1 -5.938757
-0.0422222 -7.005701
0.302222 -3.8332765
0.28 -4.1255026
-0.217778 -8.509064
-0.124444 -7.5850577
-0.102222 -7.3604717
-0.0244444 -6.883667
-0.02 -6.6692114
-0.0422222 -6.9269657
0.142222 -5.2147236
0.0444444 -6.3117056
-0.0555556 -7.1419706
-0.213333 -8.480473
0.0755556 -6.053199
0.204444 -4.739496
-0.0622222 -6.9996676
1.0 2.2261147
-1.0 -15.456579
1.0 2.2261147
0.997778 2.2053266
-0.997778 -15.436016
0.993333 2.1806254
-0.984444 -15.318987
-0.986667 -15.324968
0.984444 2.0877938
-0.988889 -15.345825
-0.98 -15.251911
-0.973333 -15.236385
-0.977778 -15.242043
0.928889 1.5563016
0.953333 1.8056931
0.908889 1.3916001
0.86 0.97672606
-0.937778 -14.8691845
-0.724444 -12.928991
0.833333 0.6866603
-0.0511111 -7.044821
0.0955556 -5.590064
-0.14 -7.8672595
0.00444444 -6.5403104
0.184444 -4.7997065
-0.233333 -8.800903
0.111111 -5.656353
-0.0866667 -7.270095
-0.253333 -8.849639
-0.0822222 -7.434308
-0.106667 -7.5713515
-0.0355556 -6.8437996
-0.0933333 -7.421608
0.111111 -5.537511
0.0844444 -5.974892
0.0911111 -5.8954344
0.0911111 -5.729542
-0.0822222 -7.1465616
-0.0955556 -7.29826
-0.0422222 -6.81529
1.0 2.2261147
-1.0 -15.456579
0.997778 2.2116046
-1.0 -15.456579
0.995556 2.1983247
-0.997778 -15.43277
1.0 2.2261147
-0.993333 -15.416056
-0.986667 -15.370895
0.982222 2.088716
-0.964444 -15.142595
-0.964444 -15.124113
0.964444 1.8497653
0.953333 1.8323941
-0.935556 -14.916729
-0.891111 -14.406418
0.911111 1.5128379
-0.895556 -14.499132
0.762222 0.21155024
0.511111 -2.0878386
0.317778 -3.816018
-0.0377778 -6.6872954
-0.457778 -10.663095
0.271111 -4.0897865
0.333333 -3.692337
0.0977778 -5.581209
0.0666667 -5.914746
0.16 -5.122179
0.231111 -4.5735693
-0.0311111 -7.0309978
-0.04 -7.0670304
-0.222222 -8.5261755
-0.0777778 -7.4859633
0.1 -5.8136125
0.0222222 -6.466469
0.324444 -3.817451
-0.0933333 -7.298538
0.0311111 -6.2300415
0.0777778 -6.0092974
-0.151111 -7.819283
-1.0 -15.456579
-0.997778 -15.446764
0.997778 2.2167087
0.997778 2.2085166
1.0 2.2261147
-0.986667 -15.34877
-0.997778 -15.435558
0.973333 2.025556
-0.984444 -15.307602
-0.977778 -15.246731
0.957778 1.8515401
0.977778 2.0175366
0.955556 1.8114638
0.964444 1.9119306
0.946667 1.7778811
-0.931111 -14.847246
-0.911111 -14.702663
-0.853333 -14.104485
0.882222 1.2384744
0.788889 0.33875513
-0.308889 -9.164271
0.76 0.062115192
-0.622222 -11.990612
-0.604444 -12.0219
0.342222 -3.5504055
-0.0133333 -6.93771
0.22 -4.8638067
0.0577778 -6.0309696
-0.0244444 -6.8479996
-0.113333 -7.386435
-0.177778 -7.8012056
-0.135556 -8.039963
-0.0955556 -7.460227
-0.0777778 -7.2313986
0.108889 -5.660351
0.144444 -5.45405
0.0911111 -5.622891
-0.108889 -7.4728813
-0.162222 -8.081915
-0.0244444 -6.648014
1.0 2.2261147
-1.0 -15.456579
0.997778 2.2048955
0.997778 2.194343
-0.995556 -15.43169
-0.986667 -15.387787
0.995556 2.1867356
0.984444 2.0607991
-0.986667 -15.323839
0.991111 2.1307454
-0.975556 -15.213894
-0.973333 -15.256403
-0.942222 -14.9364395
-0.953333 -15.055992
0.915556 1.4477344
-0.953333 -15.057676
-0.846667 -14.024263
-0.926667 -14.768286
-0.773333 -13.4006405
-0.76 -13.350271
0.746667 0.0038027763
0.108889 -5.635015
-0.155556 -7.920271
-0.122222 -7.7694144
-0.0111111 -6.734387
0.195556 -4.717128
0.44 -2.712407
-0.04 -6.8675127
-0.0977778 -7.729952
-0.0866667 -7.2500362
0.14 -5.253625
0.153333 -5.3980865
0.1 -5.826157
0.171111 -5.1142178
0.135556 -5.4058456
0.113333 -5.7183886
0.0133333 -6.4690576
0.124444 -5.537119
0.108889 -5.474813
0.0155556 -6.4186673
-1.0 -15.456579
1.0 2.2261147
-0.995556 -15.409149
-0.997778 -15.437166
1.0 2.2261147
-0.993333 -15.420515
0.984444 2.0588784
0.986667 2.1113
0.986667 2.1153207
-0.982222 -15.346401
0.977778 2.0372367
0.966667 1.9112325
0.944444 1.7808299
0.966667 1.908175
0.926667 1.5932393
-0.922222 -14.7997055
-0.8 -13.859388
0.913333 1.4474635
-0.775556 -13.381018
-0.7 -12.779041
0.762222 0.22102022
0.193333 -4.9092093
-0.106667 -7.624819
-0.191111 -8.217142
-0.0244444 -6.839148
-0.117778 -7.6743937
-0.257778 -8.873149
0.117778 -5.4032393
-0.102222 -7.411594
0.0888889 -5.939692
-0.0822222 -7.2625556
-0.0466667 -7.0943327
-0.135556 -7.789873
0.0955556 -5.811513
0.0666667 -5.9941535
0.00666667 -6.7686634
-0.137778 -7.7218776
-0.106667 -7.197797
-0.0755556 -7.1996303
0.0711111 -6.068045
