x y
1.0 -14.883914
1.0 -14.883914
0.997778 -14.871563
-0.997778 2.3514147
0.997778 -14.862789
-0.997778 2.3547192
-0.988889 2.2463875
0.988889 -14.795208
0.971111 -14.621536
-0.988889 2.2712564
-0.973333 2.093299
0.962222 -14.5966425
-0.973333 2.1479588
-0.951111 1.9406214
-0.946667 1.8759499
-0.897778 1.5754261
0.915556 -14.19335
-0.835556 0.87521744
0.797778 -13.128073
0.771111 -13.01152
-0.191111 -4.6726284
-0.546667 -1.7007904
-0.306667 -3.719234
0.226667 -8.263847
-0.231111 -4.2424917
0.22 -8.421417
-0.0355556 -6.001975
0.177778 -7.7192597
0.266667 -8.639061
0.0111111 -6.310761
-0.113333 -5.457106
0.0622222 -6.706488
0.0288889 -6.1196766
-0.0555556 -5.7298927
0.0222222 -6.6225786
-0.108889 -5.2450013
-0.131111 -4.874177
0.133333 -7.284359
-0.0266667 -6.1782618
0.00888889 -6.5015955
1.0 -14.883914
1.0 -14.883914
-0.995556 2.3265028
-0.997778 2.346362
-0.993333 2.2999945
-0.986667 2.2340698
-0.991111 2.2928715
-0.991111 2.2905588
0.968889 -14.598762
0.971111 -14.625279
-0.977778 2.2035341
-0.975556 2.1958132
0.964444 -14.542826
0.955556 -14.499806
0.957778 -14.513199
-0.915556 1.6029539
-0.895556 1.5038576
-0.844444 1.0666494
0.875556 -13.799927
0.795556 -13.23077
0.782222 -12.94792
-0.266667 -3.6382537
0.197778 -8.041844
0.0266667 -6.7867336
-0.215556 -4.3307543
0.246667 -8.430962
-0.00444444 -6.0606036
-0.375556 -2.8482938
0.157778 -7.781508
-0.288889 -3.986495
-0.0288889 -5.9680696
-0.0311111 -6.0864882
-0.0888889 -5.2756867
0.0133333 -6.359372
0.126667 -7.3974075
0.0666667 -6.6766295
-0.0288889 -5.8646593
-0.1 -5.3852205
-0.191111 -4.276725
-0.142222 -5.184378
-1.0 2.3688822
0.995556 -14.842334
-0.997778 2.3534098
-1.0 2.3688822
-0.993333 2.2845268
0.993333 -14.825115
-0.995556 2.3344383
0.988889 -14.786755
-0.98 2.168579
0.966667 -14.561826
-0.964444 2.092679
-0.964444 2.0450983
0.964444 -14.603134
-0.933333 1.7504492
0.962222 -14.568807
-0.904444 1.4913893
-0.913333 1.6017632
-0.853333 1.0938826
-0.851111 1.1095357
-0.853333 1.0854659
0.253333 -8.384482
0.0933333 -6.812309
-0.202222 -4.550957
0.184444 -8.0063715
-0.344444 -3.0273743
0.273333 -8.499902
-0.191111 -4.507181
-0.186667 -4.545616
-0.0466667 -6.0134516
0.00888889 -6.281876
0.0955556 -6.8628173
0.08 -7.0877075
0.0866667 -6.865192
0.0466667 -6.8881993
0.166667 -7.5418363
0.18 -7.8576813
0.0266667 -6.4879
-0.0688889 -5.6141624
0.0733333 -6.8870707
-0.124444 -5.034281
1.0 -14.883914
0.997778 -14.874468
-0.997778 2.354434
0.995556 -14.872744
1.0 -14.883914
-0.993333 2.3123674
-0.991111 2.3264227
-0.991111 2.3021307
-0.984444 2.2167063
-0.98 2.189125
0.971111 -14.627288
-0.96 1.9846487
0.966667 -14.576981
0.915556 -14.191452
-0.882222 1.3776345
0.94 -14.38974
0.871111 -13.83522
0.886667 -13.904328
-0.773333 0.3930974
-0.695556 -0.19724703
-0.355556 -3.2099342
0.206667 -7.9941173
0.542222 -10.796951
0.437778 -9.873314
-0.153333 -4.772871
0.0644444 -6.5575647
-0.155556 -4.968866
-0.226667 -4.2185473
0.251111 -8.360849
0.126667 -7.2811875
0.0533333 -6.783375
0.213333 -8.362699
0.0822222 -7.014069
-0.14 -5.1774316
0.146667 -7.3210363
0.0711111 -6.8802066
-0.106667 -5.269371
0.00444444 -6.07707
0.06 -6.49289
0.111111 -7.2585683
-1.0 2.3688822
-0.997778 2.358592
0.997778 -14.866171
-0.995556 2.327798
0.995556 -14.850582
0.993333 -14.81539
-0.988889 2.2662125
-0.993333 2.3191938
-0.991111 2.2950792
-0.982222 2.192194
-0.966667 2.0507956
-0.962222 2.00807
-0.964444 2.0223284
-0.944444 1.8667574
-0.962222 2.0438337
0.942222 -14.417319
-0.844444 0.9570608
-0.831111 0.9662428
-0.771111 0.36801815
0.817778 -13.390955
-0.297778 -3.7424965
-0.773333 0.39159966
-0.548889 -1.6027079
0.311111 -9.036531
-0.484444 -2.0264163
-0.251111 -4.1125684
0.24 -8.545346
-0.0711111 -5.7875366
-0.0244444 -5.9820766
-0.197778 -4.5562687
0.00666667 -6.3320284
-0.0488889 -5.835935
0.0311111 -6.47623
0.1 -7.1582103
0.0311111 -6.613782
0.0311111 -6.7937746
0.206667 -8.032879
0.0533333 -6.493805
-0.0177778 -6.0413103
-0.0266667 -6.0933824
-0.997778 2.3416653
-1.0 2.3688822
-0.995556 2.335661
0.993333 -14.8419285
0.993333 -14.844161
-0.995556 2.3392591
-0.984444 2.2206564
0.98 -14.667308
0.995556 -14.841178
0.991111 -14.8025675
-0.982222 2.195963
0.975556 -14.701662
-0.96 2.045721
0.922222 -14.204415
0.906667 -14.045423
-0.935556 1.8167324
0.964444 -14.571476
0.864444 -13.667348
0.813333 -13.173634
0.388889 -9.925729
-0.482222 -2.2698216
-0.146667 -5.182997
0.435556 -9.821949
-0.373333 -3.0065637
0.102222 -7.2345786
0.282222 -8.7107115
0.215556 -7.980567
0.0955556 -7.0060472
-0.06 -5.9738636
0.0355556 -6.535386
0.193333 -7.830017
0.0666667 -6.86971
0.0222222 -6.4338813
-0.0533333 -5.8829665
-0.115556 -5.2374334
0.111111 -7.3648114
0.0644444 -6.667814
-0.0288889 -5.9469323
0.0333333 -6.5798035
-0.0222222 -6.1437683
1.0 -14.883914
0.995556 -14.83541
-1.0 2.3688822
-0.997778 2.3542404
-1.0 2.3688822
-0.995556 2.3589773
-0.986667 2.2565222
-0.975556 2.1530733
-0.984444 2.2322483
0.988889 -14.791655
-0.977778 2.1559772
0.964444 -14.594884
-0.975556 2.2016115
0.915556 -14.098883
-0.893333 1.37468
0.88 -13.853306
0.951111 -14.470499
-0.851111 1.1301713
0.826667 -13.322585
0.895556 -14.006084
-0.233333 -4.3808317
-0.408889 -2.7697625
0.588889 -11.49769
0.397778 -9.93082
-0.22 -4.355465
-0.486667 -1.8765168
-0.277778 -4.1082764
-0.0222222 -5.8774853
-0.0911111 -5.4927177
0.0155556 -6.470784
0.206667 -8.027718
-0.0444444 -5.9289603
-0.108889 -5.3320317
0.155556 -7.6286187
-0.0777778 -5.353759
0.00222222 -6.169831
-0.104444 -5.291479
0.104444 -7.0574965
-0.0177778 -5.8867574
0.14 -7.484131
-0.997778 2.3490896
-0.997778 2.349887
0.997778 -14.862003
0.997778 -14.863194
1.0 -14.883914
-0.997778 2.337143
0.993333 -14.820372
0.991111 -14.819897
-0.98 2.1771517
0.968889 -14.632278
0.993333 -14.804437
0.951111 -14.396611
-0.937778 1.7994547
-0.957778 1.9793596
-0.897778 1.469636
-0.94 1.8590031
-0.877778 1.2203517
-0.904444 1.5328102
-0.9 1.5634584
0.78 -13.060486
-0.306667 -3.4287648
0.304444 -8.9455
-0.204444 -4.2619677
-0.184444 -4.862452
-0.0333333 -5.91833
-0.206667 -4.3581724
0.104444 -7.356797
0.0644444 -6.6059217
-0.128889 -5.1741304
-0.06 -5.4180617
0.0311111 -6.5372777
0.135556 -7.166693
0.122222 -7.277399
-0.0622222 -5.777136
0.202222 -8.095901
0.0177778 -6.3899612
-0.0733333 -5.6338105
0.146667 -7.6352787
0.0577778 -6.8532453
0.0755556 -6.9892282
-1.0 2.3688822
0.997778 -14.871033
1.0 -14.883914
0.995556 -14.843421
-0.991111 2.2707329
-0.988889 2.2808456
0.984444 -14.778913
0.993333 -14.824784
0.991111 -14.807285
0.986667 -14.752871
0.98 -14.741442
-0.982222 2.1608706
0.966667 -14.515748
0.922222 -14.111624
0.928889 -14.187492
0.92 -14.229979
0.884444 -13.919765
0.886667 -13.95241
-0.873333 1.2351689
-0.795556 0.62928486
-0.266667 -4.104019
0.151111 -7.6035748
-0.24 -4.037384
-0.213333 -4.290119
0.0288889 -6.0985823
-0.193333 -4.501403
-0.226667 -4.2477074
-0.02 -5.8983927
0.0266667 -6.5299325
0.0911111 -7.32543
0.0955556 -7.1962495
-0.0133333 -6.1027126
-0.0644444 -5.6711717
0.0622222 -7.002833
0.0177778 -6.518843
-0.168889 -4.681185
-0.0911111 -5.2680607
-0.0222222 -6.2139626
-0.0488889 -5.7447424
-0.111111 -5.2090855
-1.0 2.3688822
-0.991111 2.286706
0.997778 -14.866408
-1.0 2.3688822
-0.997778 2.350236
0.995556 -14.839185
-0.993333 2.308032
-0.98 2.1908426
-0.991111 2.2992725
0.988889 -14.787663
-0.984444 2.2452602
-0.973333 2.1516066
-0.948889 1.9832754
-0.973333 2.1118164
0.933333 -14.4140415
0.886667 -13.839148
-0.897778 1.3648314
-0.913333 1.5609255
0.895556 -13.970536
-0.673333 -0.5697489
-0.686667 -0.44547892
0.662222 -12.184609
0.0244444 -6.149068
-0.155556 -4.892984
-0.0555556 -5.869107
-0.104444 -5.6060553
-0.0288889 -6.089886
0.0133333 -6.6661315
-0.0555556 -5.719273
0.284444 -8.544262
-0.0822222 -5.6979356
-0.115556 -5.2645364
-0.182222 -4.5856447
-0.0333333 -5.888134
-0.0311111 -6.0495243
-0.291111 -3.6737134
-0.166667 -4.58347
-0.175556 -4.6637964
-0.102222 -5.202102
0.0511111 -6.9320674
-1.0 2.3688822
1.0 -14.883914
-0.995556 2.3281994
0.997778 -14.857781
-0.997778 2.3602457
-0.997778 2.3407469
0.988889 -14.779728
-0.991111 2.2799377
-0.986667 2.2546568
-0.984444 2.2346697
-0.988889 2.2856836
0.971111 -14.682732
0.971111 -14.659387
-0.931111 1.724668
-0.937778 1.743804
-0.944444 1.9037008
0.935556 -14.315253
0.913333 -14.104745
0.731111 -12.619638
0.78 -13.051274
-0.66 -0.633193
-0.0266667 -5.9008055
0.0111111 -6.0930843
-0.155556 -5.261412
-0.251111 -3.8403845
-0.215556 -4.4004707
0.0777778 -6.7656555
-0.0822222 -5.5652866
0.00222222 -6.35626
-0.193333 -4.560688
0.0422222 -6.8332963
-0.0177778 -6.185949
0.135556 -7.509898
-0.0155556 -6.032423
-0.0355556 -6.12708
-0.0577778 -5.9483037
0.08 -6.9671917
0.0911111 -6.876884
-0.142222 -5.048461
0.00444444 -6.1475797
-1.0 2.3688822
1.0 -14.883914
1.0 -14.883914
0.997778 -14.867957
-0.997778 2.3387518
-0.995556 2.3154926
-0.997778 2.3347425
0.986667 -14.778063
-0.991111 2.2812223
0.984444 -14.76532
-0.957778 2.0096521
-0.98 2.221449
-0.977778 2.1699457
-0.966667 2.1173143
-0.96 2.0425138
-0.873333 1.2028184
0.915556 -14.113439
-0.853333 1.2126436
0.797778 -13.29393
0.791111 -13.000703
-0.728889 -0.019228458
-0.717778 0.05163288
0.502222 -10.593878
-0.00888889 -6.291491
0.397778 -9.500998
0.137778 -7.3821783
-0.0466667 -5.7909846
0.0311111 -6.420661
-0.04 -5.9771194
-0.202222 -4.686496
0.0933333 -7.049787
0.14 -7.5200233
-0.122222 -5.270944
0.0422222 -6.489584
-0.0688889 -5.637232
0.0511111 -6.368227
-0.151111 -4.806358
-0.06 -5.658621
0.0444444 -6.5174947
-0.157778 -4.978751
0.997778 -14.8667965
1.0 -14.883914
1.0 -14.883914
1.0 -14.883914
0.995556 -14.841693
-0.993333 2.2948818
-0.988889 2.3033514
-0.997778 2.3308935
0.982222 -14.76143
-0.991111 2.274849
0.964444 -14.584106
-0.973333 2.139781
-0.968889 2.0414734
0.964444 -14.608192
-0.94 1.8059082
0.955556 -14.477163
-0.917778 1.6776304
0.871111 -13.720741
0.842222 -13.563496
0.706667 -12.5176735
-0.113333 -5.57931
0.371111 -9.691498
0.128889 -7.387534
-0.0555556 -5.4792366
-0.0133333 -6.013744
0.444444 -10.047151
0.00888889 -5.999545
-0.0977778 -5.4977903
-0.295556 -3.8788984
-0.231111 -4.2534666
-0.12 -5.1505632
-0.0511111 -5.8917446
-0.115556 -4.941294
-0.04 -5.9436088
-0.122222 -5.2798967
-0.148889 -4.890851
0.0911111 -6.748229
-0.113333 -5.2849617
0.0822222 -7.2111893
-0.0355556 -6.0123296
-1.0 2.3688822
-0.995556 2.3288183
-1.0 2.3688822
-1.0 2.3688822
0.995556 -14.8472395
-0.995556 2.3446808
-0.991111 2.2720518
-0.995556 2.3339787
-0.982222 2.2241545
0.988889 -14.775929
-0.942222 1.9137821
-0.953333 1.9797802
0.964444 -14.608635
0.942222 -14.382349
0.92 -14.275935
-0.931111 1.7966499
-0.926667 1.6768556
0.924444 -14.2166605
0.886667 -13.951057
-0.782222 0.43175173
-0.471111 -2.2738056
0.273333 -8.520208
-0.324444 -3.4125774
0.204444 -8.035502
0.628889 -11.722054
-0.0622222 -5.8607845
0.315556 -9.095401
-0.231111 -4.264414
-0.213333 -4.2590814
0.0222222 -6.3480196
-0.128889 -5.176419
-0.0355556 -6.072893
0.0822222 -7.113882
0.00666667 -6.1926284
0.0955556 -7.0390644
-0.0355556 -6.314457
0.144444 -7.620805
-0.0866667 -5.451106
0.162222 -7.69216
0.0244444 -6.3617983
0.997778 -14.856388
1.0 -14.883914
-1.0 2.3688822
-1.0 2.3688822
0.997778 -14.861409
-0.991111 2.2917805
0.995556 -14.855959
0.993333 -14.834441
-0.995556 2.3510113
-0.995556 2.3190851
-0.98 2.1949015
0.966667 -14.575042
-0.953333 1.9116907
-0.946667 1.9187832
0.942222 -14.403079
0.902222 -13.94692
0.902222 -14.061935
0.853333 -13.589996
0.724444 -12.55887
-0.591111 -1.1285601
-0.495556 -1.7407885
0.188889 -8.191064
-0.271111 -4.044712
0.277778 -8.395132
-0.175556 -4.7612796
-0.104444 -5.385667
-0.0555556 -6.064207
-0.0311111 -5.8058963
0.124444 -7.1208305
-0.271111 -3.888977
0.117778 -7.2347655
0.0377778 -6.613595
-0.0844444 -5.7254243
-0.0844444 -5.439104
0.0755556 -7.040285
0.0888889 -6.808155
0.00888889 -6.193962
-0.12 -5.1054435
0.08 -6.9396873
0.00222222 -6.349817
1.0 -14.883914
0.997778 -14.872373
-1.0 2.3688822
-1.0 2.3688822
0.997778 -14.894308
-0.988889 2.2826052
0.991111 -14.809328
-0.993333 2.3062677
0.991111 -14.815708
-0.982222 2.2000227
-0.964444 2.0369606
0.982222 -14.725766
-0.968889 2.1325474
-0.964444 2.0138779
0.926667 -14.272879
0.906667 -14.193909
0.915556 -14.169901
-0.886667 1.329236
-0.811111 0.74873066
0.153333 -7.7216673
-0.604444 -1.1538639
0.357778 -9.205799
0.497778 -10.381947
-0.0333333 -5.9373794
0.0911111 -6.9512486
0.284444 -8.682043
-0.0755556 -5.590637
-0.0755556 -5.4921026
-0.00666667 -6.160452
0.182222 -7.6185417
-0.211111 -4.1306496
0.02 -6.4416866
0.0866667 -7.2049847
0.171111 -7.675807
-0.182222 -5.0277777
0.0222222 -6.582797
-0.0288889 -5.7126007
-0.117778 -5.1957135
0.0577778 -6.652306
-0.0133333 -5.9209223
1.0 -14.883914
-0.997778 2.3513908
0.995556 -14.8397255
1.0 -14.883914
-0.995556 2.3332376
-0.991111 2.2678556
-0.997778 2.3455114
-0.993333 2.3123531
-0.991111 2.2976608
-0.984444 2.2392473
0.977778 -14.70884
-0.977778 2.1420546
-0.962222 2.0974073
0.96 -14.571941
0.944444 -14.397616
0.951111 -14.437859
0.924444 -14.287327
0.884444 -13.922642
-0.842222 1.0624509
0.664444 -12.038273
-0.788889 0.39562225
0.78 -12.988993
0.484444 -10.415245
0.284444 -8.644407
-0.433333 -2.509129
-0.271111 -3.9973488
0.137778 -7.4453793
0.0311111 -6.8542976
0.0444444 -6.617668
-0.122222 -5.5194535
0.0711111 -6.6938305
-0.0133333 -6.115417
-0.144444 -4.8633075
0.00222222 -6.272033
0.00666667 -5.992992
0.128889 -7.4886665
-0.0377778 -5.865664
0.175556 -7.9525433
0.0133333 -6.4578347
0.0222222 -6.2812405
-0.997778 2.351779
1.0 -14.883914
-1.0 2.3688822
1.0 -14.883914
0.993333 -14.822283
-0.995556 2.3469782
0.993333 -14.835004
-0.991111 2.2831411
0.991111 -14.801053
0.984444 -14.764403
0.982222 -14.706599
0.968889 -14.620169
0.946667 -14.4453945
-0.966667 2.1082373
0.96 -14.54121
-0.908889 1.5062723
-0.884444 1.4641175
0.804444 -13.230946
-0.862222 1.2163763
-0.757778 0.27647877
-0.533333 -1.745388
-0.253333 -4.2920895
0.248889 -8.398886
-0.151111 -4.9134235
0.111111 -7.080554
-0.282222 -4.0017614
0.00444444 -6.0609016
0.308889 -8.834778
-0.148889 -4.832264
-0.253333 -4.0502644
-0.0644444 -5.648268
0.171111 -7.789302
-0.0133333 -6.222915
-0.122222 -5.0633063
-0.00666667 -6.187537
-0.135556 -4.949938
-0.0933333 -5.473659
0.0822222 -6.8526835
0.0577778 -6.7293525
-0.126667 -5.3691735
-1.0 2.3688822
-1.0 2.3688822
0.997778 -14.870278
-0.986667 2.231367
0.993333 -14.817327
0.991111 -14.8006525
0.988889 -14.77074
0.984444 -14.749199
-0.984444 2.2333784
-0.971111 2.1570778
0.991111 -14.803185
-0.982222 2.2169294
0.98 -14.714067
0.924444 -14.219477
-0.948889 1.8932123
-0.926667 1.7783394
-0.842222 1.0078278
-0.888889 1.4834828
0.782222 -12.969564
0.815556 -13.243377
-0.666667 -0.48170424
0.693333 -12.441341
0.264444 -8.22269
0.257778 -8.650278
0.0977778 -7.0103393
0.182222 -7.841719
0.264444 -8.495132
-0.0222222 -6.2199144
-0.164444 -4.783863
0.0 -6.459281
-0.164444 -4.574256
0.0533333 -6.516468
-0.0488889 -5.7396045
0.0422222 -6.59188
0.0288889 -6.3857503
-0.0244444 -6.288203
0.0488889 -6.646237
0.0711111 -6.721562
-0.0444444 -5.766153
-0.0266667 -6.029398
1.0 -14.883914
0.997778 -14.873629
1.0 -14.883914
1.0 -14.883914
-0.995556 2.3317642
-0.993333 2.3208885
-0.995556 2.3313484
0.988889 -14.784199
-0.995556 2.3535442
-0.986667 2.2352104
-0.968889 2.0742788
-0.986667 2.259591
0.971111 -14.6425295
0.931111 -14.246061
0.913333 -14.166652
0.928889 -14.299935
-0.92 1.6725225
-0.906667 1.6086645
-0.873333 1.2394705
0.826667 -13.426132
-0.735556 0.11688709
0.0911111 -6.9248543
-0.3 -3.5192819
0.1 -7.218652
-0.0422222 -5.8004484
0.302222 -9.206122
0.28 -8.684991
-0.217778 -4.3415475
-0.124444 -4.942514
-0.102222 -5.475765
-0.0244444 -6.1073384
-0.02 -6.170321
-0.0422222 -5.9977217
0.142222 -7.5984836
0.0444444 -6.5703416
-0.0555556 -5.8011227
-0.213333 -4.579213
0.0755556 -6.883566
0.204444 -8.046018
-0.0622222 -5.7680078
1.0 -14.883914
-1.0 2.3688822
1.0 -14.883914
0.997778 -14.869561
-0.997778 2.3553743
0.993333 -14.835255
-0.984444 2.2178288
-0.986667 2.23384
0.984444 -14.739662
-0.988889 2.2821531
-0.98 2.1901045
-0.973333 2.1350517
-0.977778 2.2212095
0.928889 -14.269264
0.953333 -14.5321
0.908889 -14.059682
0.86 -13.79929
-0.937778 1.7428532
-0.724444 0.027911186
0.833333 -13.324604
-0.0511111 -5.9035883
0.0955556 -7.2515965
-0.14 -5.095888
0.00444444 -6.561372
0.184444 -7.7272816
-0.233333 -4.204332
0.111111 -7.0546494
-0.0866667 -5.594286
-0.253333 -4.2044106
-0.0822222 -5.5656195
-0.106667 -5.4156013
-0.0355556 -6.0978293
-0.0933333 -5.600083
0.111111 -7.1671343
0.0844444 -7.118477
0.0911111 -6.929715
0.0911111 -7.168332
-0.0822222 -5.3651304
-0.0955556 -5.5504446
-0.0422222 -6.008973
1.0 -14.883914
-1.0 2.3688822
0.997778 -14.866687
-1.0 2.3688822
0.995556 -14.852857
-0.997778 2.3524113
1.0 -14.883914
-0.993333 2.322608
-0.986667 2.2796993
0.982222 -14.727024
-0.964444 2.094367
-0.964444 1.9895382
0.964444 -14.567761
0.953333 -14.478618
-0.935556 1.8136129
-0.891111 1.4494934
0.911111 -14.156916
-0.895556 1.5190525
0.762222 -12.792046
0.511111 -10.717066
0.317778 -9.155529
-0.0377778 -6.0089493
-0.457778 -2.231669
0.271111 -8.515158
0.333333 -9.213764
0.0977778 -7.458352
0.0666667 -7.0077224
0.16 -7.719066
0.231111 -8.334562
-0.0311111 -6.128455
-0.04 -5.883811
-0.222222 -4.429865
-0.0777778 -5.5568624
0.1 -7.2706466
0.0222222 -6.6621604
0.324444 -8.948256
-0.0933333 -5.500253
0.0311111 -6.6261554
0.0777778 -6.714884
-0.151111 -5.054655
-1.0 2.3688822
-0.997778 2.3439388
0.997778 -14.858636
0.997778 -14.867985
1.0 -14.883914
-0.986667 2.251625
-0.997778 2.3549223
0.973333 -14.661077
-0.984444 2.2156572
-0.977778 2.1852465
0.957778 -14.515309
0.977778 -14.6766405
0.955556 -14.543833
0.964444 -14.586519
0.946667 -14.384538
-0.931111 1.7271218
-0.911111 1.6763682
-0.853333 1.220089
0.882222 -13.877798
0.788889 -12.890377
-0.308889 -3.8341546
0.76 -12.751136
-0.622222 -0.76594114
-0.604444 -1.1639495
0.342222 -9.067345
-0.0133333 -5.996763
0.22 -8.094133
0.0577778 -6.9648314
-0.0244444 -6.0874662
-0.113333 -5.08132
-0.177778 -4.6974626
-0.135556 -5.1409802
-0.0955556 -5.4089785
-0.0777778 -5.673678
0.108889 -7.255974
0.144444 -7.4853296
0.0911111 -6.9848447
-0.108889 -5.217741
-0.162222 -5.1504526
-0.0244444 -5.9447975
1.0 -14.883914
-1.0 2.3688822
0.997778 -14.856083
0.997778 -14.858517
-0.995556 2.3301125
-0.986667 2.2578402
0.995556 -14.841051
0.984444 -14.744526
-0.986667 2.2400455
0.991111 -14.818247
-0.975556 2.1825256
-0.973333 2.1853485
-0.942222 1.8189201
-0.953333 1.9551735
0.915556 -14.195534
-0.953333 2.0179653
-0.846667 1.1408043
-0.926667 1.8226986
-0.773333 0.40464067
-0.76 0.36091757
0.746667 -12.575687
0.108889 -7.303805
-0.155556 -4.887204
-0.122222 -5.0415554
-0.0111111 -6.0852404
0.195556 -7.9688263
0.44 -10.084701
-0.04 -5.715441
-0.0977778 -5.2634673
-0.0866667 -5.444661
0.14 -7.5306716
0.153333 -7.5239363
0.1 -7.207282
0.171111 -7.846777
0.135556 -7.246123
0.113333 -7.231684
0.0133333 -6.513511
0.124444 -7.3513546
0.108889 -7.3218646
0.0155556 -6.599265
-1.0 2.3688822
1.0 -14.883914
-0.995556 2.318305
-0.997778 2.356306
1.0 -14.883914
-0.993333 2.3283567
0.984444 -14.760292
0.986667 -14.799057
0.986667 -14.756099
-0.982222 2.2337122
0.977778 -14.720189
0.966667 -14.619187
0.944444 -14.382309
0.966667 -14.641239
0.926667 -14.323858
-0.922222 1.676096
-0.8 0.74995375
0.913333 -14.175627
-0.775556 0.42962313
-0.7 -0.10307217
0.762222 -12.759457
0.193333 -7.690926
-0.106667 -5.1935453
-0.191111 -4.9211993
-0.0244444 -6.1925044
-0.117778 -5.3506227
-0.257778 -4.0111346
0.117778 -7.353221
-0.102222 -5.1375995
0.0888889 -7.1115236
-0.0822222 -5.477431
-0.0466667 -5.7432895
-0.135556 -5.0654364
0.0955556 -7.0677457
0.0666667 -6.721043
0.00666667 -6.232949
-0.137778 -5.194111
-0.106667 -5.457141
-0.0755556 -5.5229897
0.0711111 -6.9418154
