epoch acc acc_e val_acc val_acc_e loss loss_e val_loss val_loss_e binary_crossentropy binary_crossentropy_e val_binary_crossentropy val_binary_crossentropy_e
0 0.9052625023201109 0.0 0.9371000018715858 0.0 0.23063860940281303 0.0 0.14640522932633757 0.0 0.23063860940281303 0.0 0.14640522932633757 0.0
1 0.9578625036031008 0.0 0.9610000032186509 0.0 0.1017186727002263 0.0 0.08810624903067947 0.0 0.1017186727002263 0.0 0.08810624903067947 0.0
2 0.9668625061959029 0.0 0.9717000088095665 0.0 0.07894867588882334 0.0 0.06365738942287863 0.0 0.07894867588882334 0.0 0.06365738942287863 0.0
3 0.970400008559227 0.0 0.9678000062704086 0.0 0.07003266463987529 0.0 0.07366893633268773 0.0 0.07003266463987529 0.0 0.07366893633268773 0.0
4 0.9719000080227852 0.0 0.9636000049114227 0.0 0.06531233156390953 0.0 0.0830760524328798 0.0 0.06531233156390953 0.0 0.0830760524328798 0.0
5 0.9741250111162663 0.0 0.9731000086665154 0.0 0.062444874378852544 0.0 0.05757876416668296 0.0 0.062444874378852544 0.0 0.05757876416668296 0.0
6 0.9752500093728304 0.0 0.956800001859665 0.0 0.058142228676588276 0.0 0.10736175937578082 0.0 0.058142228676588276 0.0 0.10736175937578082 0.0
7 0.9756500092148781 0.0 0.9732500094175339 0.0 0.05743569833808579 0.0 0.05919549679383636 0.0 0.05743569833808579 0.0 0.05919549679383636 0.0
8 0.9766500101983547 0.0 0.9737500095367432 0.0 0.054804941908223555 0.0 0.061650782423093915 0.0 0.054804941908223555 0.0 0.061650782423093915 0.0
9 0.9780500104278326 0.0 0.9727000111341476 0.0 0.053045419801201206 0.0 0.06423116125166416 0.0 0.053045419801201206 0.0 0.06423116125166416 0.0
10 0.9782500106096268 0.0 0.9742500102519989 0.0 0.051963709595729594 0.0 0.058913200236856936 0.0 0.051963709595729594 0.0 0.058913200236856936 0.0
11 0.9802500107884407 0.0 0.9737500104308129 0.0 0.04875429694802733 0.0 0.061698989076539874 0.0 0.04875429694802733 0.0 0.061698989076539874 0.0
12 0.9797000101953744 0.0 0.9735500103235245 0.0 0.04894719080926734 0.0 0.05923938517458737 0.0 0.04894719080926734 0.0 0.05923938517458737 0.0
13 0.9815000113844872 0.0 0.9737000098824501 0.0 0.04602915661118459 0.0 0.05890697184018791 0.0 0.04602915661118459 0.0 0.05890697184018791 0.0
14 0.9816875098645688 0.0 0.973600009381771 0.0 0.04433433875470655 0.0 0.05950169011950493 0.0 0.04433433875470655 0.0 0.05950169011950493 0.0
15 0.9830250105261803 0.0 0.9701500073075294 0.0 0.042375694484508133 0.0 0.07968146617524326 0.0 0.042375694484508133 0.0 0.07968146617524326 0.0
16 0.9831875101476908 0.0 0.9671500074863434 0.0 0.04103919075743761 0.0 0.08480098606087268 0.0 0.04103919075743761 0.0 0.08480098606087268 0.0
17 0.983525010123849 0.0 0.9723500084877014 0.0 0.0392554468473827 0.0 0.06781830748077482 0.0 0.0392554468473827 0.0 0.06781830748077482 0.0
18 0.9847500103712082 0.0 0.9718000108003616 0.0 0.03820901068334934 0.0 0.0702856152318418 0.0 0.03820901068334934 0.0 0.0702856152318418 0.0
