epoch acc acc_e val_acc val_acc_e loss loss_e val_loss val_loss_e binary_crossentropy binary_crossentropy_e val_binary_crossentropy val_binary_crossentropy_e
0 0.9066625007987023 0.0 0.9422500002384185 0.0 0.22329160932917147 0.0 0.13774275422096252 0.0 0.22329160932917147 0.0 0.13774275422096252 0.0
1 0.9525375028699636 0.0 0.9597000032663345 0.0 0.11390634901355952 0.0 0.09276412572711706 0.0 0.11390634901355952 0.0 0.09276412572711706 0.0
2 0.9625625064224005 0.0 0.9522999998927116 0.0 0.08948906235629693 0.0 0.11480142017826438 0.0 0.08948906235629693 0.0 0.11480142017826438 0.0
3 0.9676125068217516 0.0 0.9686500057578087 0.0 0.07732985503971576 0.0 0.06940373934805394 0.0 0.07732985503971576 0.0 0.06940373934805394 0.0
4 0.9702750071138143 0.0 0.9699000072479248 0.0 0.07034905460430309 0.0 0.06787849772721528 0.0 0.07034905460430309 0.0 0.06787849772721528 0.0
5 0.9721125092357397 0.0 0.9571999987959862 0.0 0.06455759153992403 0.0 0.10637683181092143 0.0 0.06455759153992403 0.0 0.10637683181092143 0.0
6 0.9742250100523233 0.0 0.9709500062465668 0.0 0.060053114403272045 0.0 0.06637821176089347 0.0 0.060053114403272045 0.0 0.06637821176089347 0.0
7 0.9768875104933977 0.0 0.9713000091910362 0.0 0.055187203746754676 0.0 0.06592733494006098 0.0 0.055187203746754676 0.0 0.06592733494006098 0.0
8 0.9789625097811222 0.0 0.9666500061750412 0.0 0.050420189974829555 0.0 0.07947506757453084 0.0 0.050420189974829555 0.0 0.07947506757453084 0.0
9 0.9809250106662512 0.0 0.9697500079870224 0.0 0.045571019447525035 0.0 0.07056045876815915 0.0 0.045571019447525035 0.0 0.07056045876815915 0.0
10 0.9830875093489886 0.0 0.9661000066995621 0.0 0.04154273844818818 0.0 0.08542121461592615 0.0 0.04154273844818818 0.0 0.08542121461592615 0.0
11 0.9868875085562467 0.0 0.966950007379055 0.0 0.033865830168651884 0.0 0.08277771305758506 0.0 0.033865830168651884 0.0 0.08277771305758506 0.0
12 0.989550007879734 0.0 0.9702000081539154 0.0 0.028207443415303714 0.0 0.07810384849552066 0.0 0.028207443415303714 0.0 0.07810384849552066 0.0
13 0.9926375053077936 0.0 0.96845000654459 0.0 0.021334748781227972 0.0 0.09026260835584253 0.0 0.021334748781227972 0.0 0.09026260835584253 0.0
14 0.9948250040411949 0.0 0.9646500042080879 0.0 0.015531678348925198 0.0 0.12052971824537963 0.0 0.015531678348925198 0.0 0.12052971824537963 0.0
15 0.9968500027805567 0.0 0.9686000072956085 0.0 0.010609688870281388 0.0 0.10184186688857153 0.0 0.010609688870281388 0.0 0.10184186688857153 0.0
16 0.998137501180172 0.0 0.9679000055789948 0.0 0.007130594870886853 0.0 0.11046097324462607 0.0 0.007130594870886853 0.0 0.11046097324462607 0.0
17 0.9985250006616115 0.0 0.9349500018358231 0.0 0.0058294271208797 0.0 0.4254623481631279 0.0 0.0058294271208797 0.0 0.4254623481631279 0.0
18 0.9990375005453825 0.0 0.9683000063896179 0.0 0.004954121306609522 0.0 0.11856557024177164 0.0 0.004954121306609522 0.0 0.11856557024177164 0.0
19 0.9990625001490117 0.0 0.9679500070214272 0.0 0.004583978881255462 0.0 0.12749399258987978 0.0 0.004583978881255462 0.0 0.12749399258987978 0.0
20 0.9986125002056361 0.0 0.9680000084638596 0.0 0.007448145904461399 0.0 0.12186793853295967 0.0 0.007448145904461399 0.0 0.12186793853295967 0.0
21 0.9992625001817942 0.0 0.967450005710125 0.0 0.004201134256643968 0.0 0.13809592093341053 0.0 0.004201134256643968 0.0 0.13809592093341053 0.0
22 0.9990500002354383 0.0 0.9680500054359436 0.0 0.005447944447615783 0.0 0.14085392092121765 0.0 0.005447944447615783 0.0 0.14085392092121765 0.0
23 0.9994250001013278 0.0 0.9685500070452691 0.0 0.003715376205022949 0.0 0.152128245360218 0.0 0.003715376205022949 0.0 0.152128245360218 0.0
24 0.9988375002145767 0.0 0.9670000037550927 0.0 0.006536347124264239 0.0 0.14519936633412725 0.0 0.006536347124264239 0.0 0.14519936633412725 0.0
25 0.999800000116229 0.0 0.9680500063300133 0.0 0.0009496729924092051 0.0 0.16423826815444045 0.0 0.0009496729924092051 0.0 0.16423826815444045 0.0
26 0.9990750001370907 0.0 0.968200007379055 0.0 0.006572993155322138 0.0 0.1622505212610122 0.0 0.006572993155322138 0.0 0.1622505212610122 0.0
27 0.9994875000417233 0.0 0.9673000058531761 0.0 0.0031801841169504996 0.0 0.17247625829302707 0.0 0.0031801841169504996 0.0 0.17247625829302707 0.0
28 0.9999375000596047 0.0 0.9673000058531761 0.0 0.0003280556090001596 0.0 0.18151959610229823 0.0 0.0003280556090001596 0.0 0.18151959610229823 0.0
29 0.9993625001609325 0.0 0.9674000066518783 0.0 0.003540648660320187 0.0 0.1721632004037383 0.0 0.003540648660320187 0.0 0.1721632004037383 0.0
30 0.9995375001430511 0.0 0.9669000062346459 0.0 0.002692793700184808 0.0 0.17899765489273706 0.0 0.002692793700184808 0.0 0.17899765489273706 0.0
31 0.9999375000596047 0.0 0.967300007045269 0.0 0.0002566559613532604 0.0 0.18811277216824238 0.0 0.0002566559613532604 0.0 0.18811277216824238 0.0
32 0.9995750001072884 0.0 0.9675500056147576 0.0 0.0022696743095882966 0.0 0.18947779397334671 0.0 0.0022696743095882966 0.0 0.18947779397334671 0.0
33 1.0 0.0 0.9682000049948692 0.0 8.015393394259717e-05 0.0 0.19910176291305107 0.0 8.015393394259717e-05 0.0 0.19910176291305107 0.0
34 0.9998000000417232 0.0 0.9671500054001808 0.0 0.0009496623164757167 0.0 0.19602485246679863 0.0 0.0009496623164757167 0.0 0.19602485246679863 0.0
35 1.0 0.0 0.9673000058531761 0.0 6.224699006672552e-05 0.0 0.20289030054351315 0.0 6.224699006672552e-05 0.0 0.20289030054351315 0.0
36 1.0 0.0 0.9671000054478646 0.0 4.0884665758582625e-05 0.0 0.210843056353624 0.0 4.0884665758582625e-05 0.0 0.210843056353624 0.0
37 0.9998375000059605 0.0 0.9673500072956085 0.0 0.0007294529081338296 0.0 0.2141408132915967 0.0 0.0007294529081338296 0.0 0.2141408132915967 0.0
38 1.0 0.0 0.9678500065207482 0.0 4.1551865786306765e-05 0.0 0.2170718672052317 0.0 4.1551865786306765e-05 0.0 0.2170718672052317 0.0
39 0.999725000038743 0.0 0.966350005865097 0.0 0.0018677888655167685 0.0 0.21526272621296813 0.0 0.0018677888655167685 0.0 0.21526272621296813 0.0
40 1.0 0.0 0.9675000077486038 0.0 5.076987204155614e-05 0.0 0.2153444189451693 0.0 5.076987204155614e-05 0.0 0.2153444189451693 0.0
41 1.0 0.0 0.9675000065565109 0.0 2.0682091441859286e-05 0.0 0.22102751444646856 0.0 2.0682091441859286e-05 0.0 0.22102751444646856 0.0
42 1.0 0.0 0.9670500081777572 0.0 1.8733529382206625e-05 0.0 0.22207029046359822 0.0 1.8733529382206625e-05 0.0 0.22207029046359822 0.0
43 1.0 0.0 0.9679000067710877 0.0 1.1944590191994565e-05 0.0 0.2263500426051178 0.0 1.1944590191994565e-05 0.0 0.2263500426051178 0.0
44 1.0 0.0 0.9676000064611435 0.0 9.641080247888566e-06 0.0 0.22912608939790516 0.0 9.641080247888566e-06 0.0 0.22912608939790516 0.0
45 1.0 0.0 0.9679000064730644 0.0 8.256928814365238e-06 0.0 0.23219121757108951 0.0 8.256928814365238e-06 0.0 0.23219121757108951 0.0
46 1.0 0.0 0.9679500064253808 0.0 6.745800014549275e-06 0.0 0.23406792723235412 0.0 6.745800014549275e-06 0.0 0.23406792723235412 0.0
47 1.0 0.0 0.9679500067234039 0.0 6.115790850422798e-06 0.0 0.2352440085121998 0.0 6.115790850422798e-06 0.0 0.2352440085121998 0.0
48 1.0 0.0 0.9674000057578087 0.0 5.31657388621376e-06 0.0 0.23702150681288914 0.0 5.31657388621376e-06 0.0 0.23702150681288914 0.0
49 1.0 0.0 0.9677000060677529 0.0 4.920197823095052e-06 0.0 0.2381679201582665 0.0 4.920197823095052e-06 0.0 0.2381679201582665 0.0
50 1.0 0.0 0.9678500065207482 0.0 4.4226288054805e-06 0.0 0.23963925222742546 0.0 4.4226288054805e-06 0.0 0.23963925222742546 0.0
51 1.0 0.0 0.967750007212162 0.0 4.109542598040861e-06 0.0 0.24067602851704578 0.0 4.109542598040861e-06 0.0 0.24067602851704578 0.0
52 1.0 0.0 0.9679000067710877 0.0 3.8106733500065106e-06 0.0 0.24197228804649057 0.0 3.8106733500065106e-06 0.0 0.24197228804649057 0.0
53 1.0 0.0 0.9682000076770783 0.0 3.5687786070237593e-06 0.0 0.2436576315133425 0.0 3.5687786070237593e-06 0.0 0.2436576315133425 0.0
54 1.0 0.0 0.967700006365776 0.0 3.4334111335088123e-06 0.0 0.24372368607066164 0.0 3.4334111335088123e-06 0.0 0.24372368607066164 0.0
55 1.0 0.0 0.9678500071167946 0.0 3.296282191600497e-06 0.0 0.2455101112430566 0.0 3.296282191600497e-06 0.0 0.2455101112430566 0.0
56 1.0 0.0 0.9678500068187713 0.0 2.9720060934312898e-06 0.0 0.24559943666361506 0.0 2.9720060934312898e-06 0.0 0.24559943666361506 0.0
57 1.0 0.0 0.9676500061154365 0.0 2.8048421411597247e-06 0.0 0.24657896782977332 0.0 2.8048421411597247e-06 0.0 0.24657896782977332 0.0
58 1.0 0.0 0.9679000064730644 0.0 2.6489213644964593e-06 0.0 0.24713331707815087 0.0 2.6489213644964593e-06 0.0 0.24713331707815087 0.0
59 1.0 0.0 0.9677500066161155 0.0 2.530990583764492e-06 0.0 0.24931080770176778 0.0 2.530990583764492e-06 0.0 0.24931080770176778 0.0
60 1.0 0.0 0.967700006365776 0.0 2.450484106306661e-06 0.0 0.2488361598895426 0.0 2.450484106306661e-06 0.0 0.2488361598895426 0.0
61 1.0 0.0 0.9678000062704086 0.0 2.321079915938995e-06 0.0 0.249214761519288 0.0 2.321079915938995e-06 0.0 0.249214761519288 0.0
62 1.0 0.0 0.9679000064730644 0.0 2.248637013595456e-06 0.0 0.24956615921582853 0.0 2.248637013595456e-06 0.0 0.24956615921582853 0.0
63 1.0 0.0 0.9678500065207482 0.0 2.169501121009887e-06 0.0 0.2506668455649924 0.0 2.169501121009887e-06 0.0 0.2506668455649924 0.0
64 1.0 0.0 0.9678000062704086 0.0 2.091093264944277e-06 0.0 0.25110608706896526 0.0 2.091093264944277e-06 0.0 0.25110608706896526 0.0
65 1.0 0.0 0.9678500068187713 0.0 1.9989874668091544e-06 0.0 0.25185211569743843 0.0 1.9989874668091544e-06 0.0 0.25185211569743843 0.0
66 1.0 0.0 0.9678000062704086 0.0 1.923815344211377e-06 0.0 0.2522257149468169 0.0 1.923815344211377e-06 0.0 0.2522257149468169 0.0
67 1.0 0.0 0.9681500068306923 0.0 1.8615369555963214e-06 0.0 0.2526055043882479 0.0 1.8615369555963214e-06 0.0 0.2526055043882479 0.0
68 1.0 0.0 0.9678500065207482 0.0 1.8338385701710535e-06 0.0 0.2535725750301572 0.0 1.8338385701710535e-06 0.0 0.2535725750301572 0.0
69 1.0 0.0 0.9677000066637993 0.0 1.7597025672788646e-06 0.0 0.25410460768278426 0.0 1.7597025672788646e-06 0.0 0.25410460768278426 0.0
70 1.0 0.0 0.9679500061273575 0.0 1.7061865863343683e-06 0.0 0.25405008086487213 0.0 1.7061865863343683e-06 0.0 0.25405008086487213 0.0
71 1.0 0.0 0.9679000067710877 0.0 1.6545764630659933e-06 0.0 0.25476981509447794 0.0 1.6545764630659933e-06 0.0 0.25476981509447794 0.0
72 1.0 0.0 0.9679000064730644 0.0 1.6181883468036063e-06 0.0 0.2551769681809128 0.0 1.6181883468036063e-06 0.0 0.2551769681809128 0.0
73 1.0 0.0 0.9680000066757202 0.0 1.5787446836768026e-06 0.0 0.25539310251784625 0.0 1.5787446836768026e-06 0.0 0.25539310251784625 0.0
74 1.0 0.0 0.9678500068187713 0.0 1.528243448367661e-06 0.0 0.2561321391983802 0.0 1.528243448367661e-06 0.0 0.2561321391983802 0.0
75 1.0 0.0 0.9679000061750412 0.0 1.4911152339625033e-06 0.0 0.2562519755347421 0.0 1.4911152339625033e-06 0.0 0.2562519755347421 0.0
76 1.0 0.0 0.9678500065207482 0.0 1.4566896365852956e-06 0.0 0.2567985186949954 0.0 1.4566896365852956e-06 0.0 0.2567985186949954 0.0
77 1.0 0.0 0.9679000067710877 0.0 1.4189153859067715e-06 0.0 0.25716853790139793 0.0 1.4189153859067715e-06 0.0 0.25716853790139793 0.0
78 1.0 0.0 0.9678500065207482 0.0 1.3992573663834662e-06 0.0 0.2576013251373479 0.0 1.3992573663834662e-06 0.0 0.2576013251373479 0.0
79 1.0 0.0 0.9680500066280365 0.0 1.356655075746005e-06 0.0 0.25770538084099825 0.0 1.356655075746005e-06 0.0 0.25770538084099825 0.0
80 1.0 0.0 0.9678500065207482 0.0 1.3307605230661324e-06 0.0 0.2585926885093977 0.0 1.3307605230661324e-06 0.0 0.2585926885093977 0.0
81 1.0 0.0 0.9678000059723854 0.0 1.3053518085559546e-06 0.0 0.2584867712315463 0.0 1.3053518085559546e-06 0.0 0.2584867712315463 0.0
82 1.0 0.0 0.9678500068187713 0.0 1.2759643208326566e-06 0.0 0.25909105727061615 0.0 1.2759643208326566e-06 0.0 0.25909105727061615 0.0
83 1.0 0.0 0.9680500063300133 0.0 1.2470893619109803e-06 0.0 0.258992437023262 0.0 1.2470893619109803e-06 0.0 0.258992437023262 0.0
84 1.0 0.0 0.9679000064730644 0.0 1.223503912726187e-06 0.0 0.25946180688069037 0.0 1.223503912726187e-06 0.0 0.25946180688069037 0.0
85 1.0 0.0 0.9678500068187713 0.0 1.2027715644880033e-06 0.0 0.26001537013342385 0.0 1.2027715644880033e-06 0.0 0.26001537013342385 0.0
86 1.0 0.0 0.9678500065207482 0.0 1.17377419565301e-06 0.0 0.2602130425370251 0.0 1.17377419565301e-06 0.0 0.2602130425370251 0.0
87 1.0 0.0 0.9678000062704086 0.0 1.154932991260793e-06 0.0 0.26044683162752336 0.0 1.154932991260793e-06 0.0 0.26044683162752336 0.0
88 1.0 0.0 0.9679000061750412 0.0 1.1366583540883824e-06 0.0 0.2605860398075856 0.0 1.1366583540883824e-06 0.0 0.2605860398075856 0.0
89 1.0 0.0 0.9682000067830085 0.0 1.1108621273780983e-06 0.0 0.26086825567458616 0.0 1.1108621273780983e-06 0.0 0.26086825567458616 0.0
90 1.0 0.0 0.967900005877018 0.0 1.1025715154300286e-06 0.0 0.26117192654814064 0.0 1.1025715154300286e-06 0.0 0.26117192654814064 0.0
91 1.0 0.0 0.9678500065207482 0.0 1.0802638230167361e-06 0.0 0.26143638087868565 0.0 1.0802638230167361e-06 0.0 0.26143638087868565 0.0
92 1.0 0.0 0.9679000064730644 0.0 1.0573575370909083e-06 0.0 0.26221881327153823 0.0 1.0573575370909083e-06 0.0 0.26221881327153823 0.0
93 1.0 0.0 0.9679500064253808 0.0 1.0429724160321285e-06 0.0 0.26204177868199624 0.0 1.0429724160321285e-06 0.0 0.26204177868199624 0.0
94 1.0 0.0 0.9680000060796737 0.0 1.0263347832584201e-06 0.0 0.26219045003239444 0.0 1.0263347832584201e-06 0.0 0.26219045003239444 0.0
95 1.0 0.0 0.9679500061273575 0.0 1.0046780602834815e-06 0.0 0.26270030329964356 0.0 1.0046780602834815e-06 0.0 0.26270030329964356 0.0
96 1.0 0.0 0.9678000065684319 0.0 9.931613452351939e-07 0.0 0.26319056835028276 0.0 9.931613452351939e-07 0.0 0.26319056835028276 0.0
97 1.0 0.0 0.9679000067710877 0.0 9.853213470556454e-07 0.0 0.2633932538072804 0.0 9.853213470556454e-07 0.0 0.2633932538072804 0.0
98 1.0 0.0 0.9679500064253808 0.0 9.684897361861289e-07 0.0 0.26331083186836624 0.0 9.684897361861289e-07 0.0 0.26331083186836624 0.0
99 1.0 0.0 0.9679000067710877 0.0 9.490784123133977e-07 0.0 0.26384191515498967 0.0 9.490784123133977e-07 0.0 0.26384191515498967 0.0
