temp output1 output1_e output2 output2_e
1.0 0.9934769868850708 0.0001558062698218969 0.0065230014733970165 0.00015580851258835917
1.06509 0.9935796856880188 0.0001580849353025955 0.006420206278562546 0.00015808685345812244
1.13017 0.9938048124313354 0.0001593977799653984 0.006195161957293749 0.0001593988718385445
1.19526 0.9934796690940857 0.0001637626461522317 0.006520303897559643 0.0001637636347400802
1.26035 0.9935417771339417 0.0001668793685376898 0.006458261050283909 0.00016688003251460296
1.32543 0.9932636022567749 0.00016967003399365432 0.006736409850418568 0.0001696699011982717
1.39052 0.9929544925689697 0.00018244462519209173 0.007045547477900982 0.00018244435960132648
1.4556 0.9928870797157288 0.00018198533022868892 0.007112876977771521 0.00018198564008458173
1.52069 0.9923232197761536 0.00019119569335723481 0.00767680536955595 0.00019119569335723481
1.58578 0.9922494888305664 0.0002010453482128224 0.0077504864893853664 0.00020104540723299246
1.65086 0.9915712475776672 0.00022522790381692765 0.008428789675235748 0.00022522824318290549
1.71595 0.9909720420837402 0.00026163608926270464 0.00902794674038887 0.00026163611877278966
1.78104 0.9899724125862122 0.0002978156010595862 0.010027579963207245 0.0002978157190999263
1.84612 0.9882701635360718 0.0003855439490981963 0.011729810386896133 0.00038554403762845144
1.91121 0.9853765964508057 0.0008255864149872685 0.014623391442000866 0.0008255864740074386
1.9763 0.9815471172332764 0.0008839934244999928 0.018452875316143036 0.0008839934244999928
2.04138 0.9753224849700928 0.0011125008135763601 0.02467753179371357 0.0011125008135763601
2.10647 0.9557881951332092 0.0030276119620971965 0.044211793690919876 0.0030276119620971965
2.17156 0.8948338627815247 0.00929730385241506 0.10516614466905594 0.00929730385241506
2.23664 0.7454059720039368 0.01806229487567517 0.254594087600708 0.01806229487567517
2.30173 0.44390466809272766 0.022384760264095697 0.5560953617095947 0.022384760264095697
2.36681 0.18593154847621918 0.01781868038876953 0.8140684366226196 0.01781868038876953
2.4319 0.05906915292143822 0.009319542652493469 0.9409307837486267 0.009319542652493469
2.49699 0.014518743380904198 0.004103975551828522 0.9854812622070312 0.004103975551828522
2.56207 0.009026991203427315 0.002781641862164143 0.9909729957580566 0.0027816420982448233
2.62716 0.005293487571179867 0.0012660718862728072 0.9947065711021423 0.0012660720043131473
2.69225 0.002859215484932065 0.0004059623605613761 0.9971408247947693 0.0004059624490916312
2.75733 0.002689401153475046 0.0005758191343730986 0.9973105788230896 0.0005758191933932686
2.82242 0.0022629746235907078 0.00033593566653793817 0.9977369904518127 0.00033593545996734296
2.88751 0.0017630831571295857 0.00016419054238516286 0.998236894607544 0.0001641904686099503
2.95259 0.0016762593295425177 0.00017118087657196424 0.9983237385749817 0.00017118067000136903
3.01768 0.0016062468057498336 0.00014509396140567756 0.9983937740325928 0.00014509385812037996
3.08277 0.001542335725389421 0.00010644911808524178 0.998457670211792 0.00010644892626968908
3.14785 0.001325715333223343 9.657715360537172e-05 0.9986743330955505 9.657722738058428e-05
3.21294 0.0013524487148970366 6.769178232067265e-05 0.9986475706100464 6.769189298349151e-05
3.27802 0.0012902505695819855 6.62956306878308e-05 0.9987097978591919 6.62956306878308e-05
3.34311 0.0012823495781049132 6.599154401664189e-05 0.998717725276947 6.59917136996308e-05
3.4082 0.001245505758561194 6.86784298810781e-05 0.9987545013427734 6.867828233065295e-05
3.47328 0.0013333160895854235 8.276817490647199e-05 0.9986666440963745 8.276805686613187e-05
3.53837 0.001205500215291977 6.187644750073966e-05 0.9987944960594177 6.187648807710658e-05
