epoch acc acc_e val_acc val_acc_e loss loss_e val_loss val_loss_e binary_crossentropy binary_crossentropy_e val_binary_crossentropy val_binary_crossentropy_e
0 0.5573673095908903 0.003846678103505895 0.5853571419264115 0.0024243007200830642 2.3742510652509594 0.06615445519604281 1.7758140450373052 0.026897009820722132 2.3742510652509594 0.06615445519604281 1.7758140450373052 0.026897009820722132
1 0.5898635896107567 0.001470537185068247 0.5887648799323609 0.0012413919237895604 1.6232385336170119 0.014578045030738269 1.5474341892060781 0.011294221974386549 1.6232385336170119 0.014578045030738269 1.5474341892060781 0.011294221974386549
2 0.5955121515496147 0.0010070036515987574 0.5976339272119933 0.001079477361187634 1.4624586602539889 0.010539792224854376 1.4338566492769926 0.01056331208575391 1.4624586602539889 0.010539792224854376 1.4338566492769926 0.01056331208575391
3 0.6080939971361428 0.0009655354921477667 0.6066716266914256 0.001077048388535479 1.3456639188519193 0.009368435899607345 1.3374761702108477 0.008992236812040743 1.3456639188519193 0.009368435899607345 1.3374761702108477 0.008992236812040743
4 0.6186941962393503 0.001001676611729247 0.6160218245453304 0.0012481678794930568 1.248736830434156 0.00824660324961757 1.2607401811473427 0.008344864292505439 1.248736830434156 0.00824660324961757 1.2607401811473427 0.008344864292505439
5 0.6298871532237779 0.0009650383374699255 0.6254067463356824 0.0012223903051525194 1.1666277237295632 0.007641053485038298 1.1898805405678492 0.007762333009238054 1.1666277237295632 0.007641053485038298 1.1898805405678492 0.007762333009238054
6 0.6413405265378219 0.0009675199649392579 0.6347023815567058 0.0011939933034600136 1.0913397074610525 0.0070534974613633665 1.128096000587065 0.007405662433379944 1.0913397074610525 0.0070534974613633665 1.128096000587065 0.007405662433379944
7 0.6519370051958259 0.0009748275838595629 0.6426240088802483 0.0011827624285222608 1.0256722127848736 0.006588585157443067 1.0735841894640572 0.007030852198041783 1.0256722127848736 0.006588585157443067 1.0735841894640572 0.007030852198041783
8 0.6625409238801766 0.0009510090060866675 0.6505803583692463 0.0010701493449432617 0.9663910818507985 0.006135466236032062 1.0235968540555667 0.006666907426423151 0.9663910818507985 0.006135466236032062 1.0235968540555667 0.006666907426423151
9 0.6729724717917778 0.0009341359778165682 0.6594593277112358 0.001000609730551565 0.9121082023015277 0.005747619480414703 0.9783758275033462 0.006397017299063718 0.9121082023015277 0.005747619480414703 0.9783758275033462 0.006397017299063718
10 0.6832068468569704 0.0009080339509059162 0.6667311521749648 0.0010885929728386358 0.8625293138680892 0.005371016601423757 0.9363410206777709 0.006088819331756073 0.8625293138680892 0.005371016601423757 0.9363410206777709 0.006088819331756073
11 0.6931932062745865 0.0008914232106186172 0.6749900808587433 0.0009961482005790537 0.816859534678478 0.005031809797218162 0.8972737471292179 0.005810499432734556 0.816859534678478 0.005031809797218162 0.8972737471292179 0.005810499432734556
12 0.7034213807079054 0.0008590538834412552 0.6828174617555406 0.0010102652995916705 0.7746840727456387 0.004698764475636679 0.860993994970525 0.005562605971291979 0.7746840727456387 0.004698764475636679 0.860993994970525 0.005562605971291979
13 0.7130667181116426 0.000846236888478713 0.6908978194767046 0.0009915178430820416 0.7355410633571742 0.00440317101004993 0.8279231385727014 0.005339714800140363 0.7355410633571742 0.00440317101004993 0.8279231385727014 0.005339714800140363
14 0.722501241282693 0.0008111398183304092 0.6982043668272949 0.0009510125446139456 0.6994333185529011 0.004122518198584246 0.796649280604389 0.005135676506616906 0.6994333185529011 0.004122518198584246 0.796649280604389 0.005135676506616906
15 0.7320535723726073 0.0008081921473366083 0.7050347244219174 0.000887500151506864 0.6659454023118117 0.003859418868869242 0.7675656600012666 0.0049562477209947765 0.6659454023118117 0.003859418868869242 0.7675656600012666 0.0049562477209947765
16 0.741221478426208 0.0007999977190521836 0.7120138898196202 0.0008635977840803151 0.6348453917230168 0.0036193334167708598 0.7402045743096443 0.004748397133484699 0.6348453917230168 0.0036193334167708598 0.7402045743096443 0.004748397133484699
17 0.7501450892892622 0.0007858845808392685 0.7191170645966416 0.0007975655208386268 0.6059885088886534 0.0033933611474011114 0.7153158164775325 0.004577855849678919 0.6059885088886534 0.0033933611474011114 0.7153158164775325 0.004577855849678919
18 0.7592956342734396 0.000742639375021963 0.7253720252168556 0.0008008650967579348 0.5789213520556038 0.003183823725955213 0.6918284656154731 0.004381816545866187 0.5789213520556038 0.003183823725955213 0.6918284656154731 0.004381816545866187
19 0.7676822907424399 0.0007493842574131122 0.7320932552218438 0.0008040295880218942 0.5537751090831109 0.0029835923307909716 0.6695695625588535 0.004279107030316025 0.5537751090831109 0.0029835923307909716 0.6695695625588535 0.004279107030316025
20 0.776024303911993 0.000725201912130142 0.7379464291568312 0.0007850773309672441 0.5302105471310724 0.0027988568312352327 0.6476361233504518 0.004065267294066429 0.5302105471310724 0.0027988568312352327 0.6476361233504518 0.004065267294066429
21 0.7841493036376223 0.0007231016339186409 0.7445486116858702 0.0007603480931292856 0.5081490077144866 0.002625329711974258 0.6288333513345273 0.003955949151080956 0.5081490077144866 0.002625329711974258 0.6288333513345273 0.003955949151080956
22 0.792165176848334 0.0006904154148723727 0.7501289678116639 0.0007041652633038679 0.48745923046621364 0.002455189176384349 0.6100195796391557 0.00387209053709764 0.48745923046621364 0.002455189176384349 0.6100195796391557 0.00387209053709764
23 0.7994159202697494 0.0006560501006884591 0.7560813488231765 0.0007308880748180328 0.46813413913450425 0.0023025091245592985 0.5925103835111101 0.003733832844725721 0.46813413913450425 0.0023025091245592985 0.5925103835111101 0.003733832844725721
24 0.8068439957242282 0.0006488258388330401 0.7618898801860355 0.0007483343247404163 0.449906526773148 0.0021526434994205324 0.5762945633795526 0.0035129096411742255 0.449906526773148 0.0021526434994205324 0.5762945633795526 0.0035129096411742255
25 0.8138492038251742 0.0006178696002802245 0.7674652767145919 0.0006610127339758663 0.4327107727461096 0.0020123230762991904 0.5609913651461875 0.003439064264941495 0.4327107727461096 0.0020123230762991904 0.5609913651461875 0.003439064264941495
26 0.8208618535556728 0.0006044604814788673 0.7726091253792955 0.0006617355429290125 0.41658156961461323 0.0018828056731788208 0.5456170873657342 0.0033571337683018457 0.41658156961461323 0.0018828056731788208 0.5456170873657342 0.0033571337683018457
27 0.8275855638545065 0.0005918053063101688 0.7772619033439293 0.0006845833006530612 0.401271152876628 0.0017596820785164694 0.5315548750675386 0.003178279309172415 0.401271152876628 0.0017596820785164694 0.5315548750675386 0.003178279309172415
28 0.834223709280588 0.0005601788214452879 0.7822817440189067 0.0006659100646967738 0.38677672192506074 0.0016481483905334156 0.5184716255744062 0.0030924949091137434 0.38677672192506074 0.0016481483905334156 0.5184716255744062 0.0030924949091137434
29 0.840394343954644 0.0005352564108129408 0.7873511890511191 0.0006051184035885312 0.3730509537334982 0.001545425429942597 0.5058283702041658 0.0030594932461933434 0.3730509537334982 0.001545425429942597 0.5058283702041658 0.0030594932461933434
30 0.8462437986588431 0.0005477163887221824 0.791731149064643 0.0005991793045584463 0.3600479922371932 0.0014537478046581815 0.4937206399050497 0.0028682436929611454 0.3600479922371932 0.0014537478046581815 0.4937206399050497 0.0028682436929611454
31 0.8518427569212184 0.0005264618177169181 0.7961011884881863 0.0005794942320909423 0.3476527841185175 0.001363362790104779 0.4828298789079463 0.0027641258469364724 0.3476527841185175 0.001363362790104779 0.4828298789079463 0.0027641258469364724
32 0.8574677573679577 0.0005146211841584295 0.8005505936900301 0.0005508727586257393 0.3358452358194405 0.0012873116258660196 0.4719852154808385 0.002713984342315056 0.3358452358194405 0.0012873116258660196 0.4719852154808385 0.002713984342315056
33 0.8626773307351246 0.000508422480345333 0.8050496010021085 0.0005610665679140757 0.3246006171939717 0.0012140601547159517 0.46118032395514474 0.002600686015115292 0.3246006171939717 0.0012140601547159517 0.46118032395514474 0.002600686015115292
34 0.867881944039393 0.0005001234447118579 0.809012894557109 0.0005285415167068523 0.31389932383299024 0.001148555639979254 0.4509329092008845 0.0026006390808257724 0.31389932383299024 0.001148555639979254 0.4509329092008845 0.0026006390808257724
35 0.8729526287196056 0.00047633112105076493 0.813184521926774 0.0005395189191173698 0.30365194317234295 0.0010889556211878182 0.44218003004198037 0.002489305320272601 0.30365194317234295 0.0010889556211878182 0.44218003004198037 0.002489305320272601
36 0.8776574900329468 0.0004741076705943525 0.8171180531086902 0.0005147794523284988 0.2938527210464051 0.0010376746899855224 0.43211810830389225 0.0024183035397354765 0.2938527210464051 0.0010376746899855224 0.43211810830389225 0.0024183035397354765
37 0.8822631451641284 0.00045258442343366255 0.8209871012303565 0.0005232979241349436 0.28449333793103015 0.0009847286049334708 0.4245160138411891 0.002416513398871958 0.28449333793103015 0.0009847286049334708 0.4245160138411891 0.002416513398871958
38 0.8868514390041431 0.00045897867138991916 0.8245089265089186 0.00047676033007571097 0.27546014337401303 0.0009392651122379991 0.4151818676999519 0.002197558215548218 0.27546014337401303 0.0009392651122379991 0.4151818676999519 0.002197558215548218
39 0.8910143854540019 0.0004347351673822265 0.8279613076457901 0.0004892770721006493 0.2668469278954915 0.0009002637964166831 0.4078927959478091 0.002169915299774466 0.2668469278954915 0.0009002637964166831 0.4078927959478091 0.002169915299774466
40 0.8951922127030908 0.000419239562287458 0.8311259901831075 0.0005076317225763437 0.2585015607692878 0.0008611763238214089 0.40139376857569287 0.002168631316447955 0.2585015607692878 0.0008611763238214089 0.40139376857569287 0.002168631316447955
41 0.8990773820776552 0.0004114672914943669 0.8345337284581056 0.0004808472200552696 0.2505750322178568 0.0008245341905573493 0.39286311382634775 0.0021012833994445883 0.2505750322178568 0.0008245341905573493 0.39286311382634775 0.0021012833994445883
42 0.903067957580326 0.00038872094911253824 0.83776289472386 0.00048365208606332346 0.2428568271568991 0.00079771002296622 0.38656548711781696 0.001997381155843658 0.2428568271568991 0.00079771002296622 0.38656548711781696 0.001997381155843658
43 0.9067435533384838 0.00038004496871420245 0.8401835296716955 0.0004405863219989568 0.23546393368215787 0.0007692912561143355 0.3807548795826733 0.0020289984767415843 0.23546393368215787 0.0007692912561143355 0.3807548795826733 0.0020289984767415843
44 0.9100806068850769 0.00037240711046599497 0.842797617602443 0.0004602914764305839 0.22830893723940887 0.0007428322435497916 0.3742374323264119 0.0020100564044971225 0.22830893723940887 0.0007428322435497916 0.3742374323264119 0.0020100564044971225
45 0.9134015395956497 0.0003733117787928481 0.8461309509085757 0.0004665351978523432 0.2214330480251062 0.0007252767334366812 0.36746088617614336 0.0018699990932604482 0.2214330480251062 0.0007252767334366812 0.36746088617614336 0.0018699990932604482
46 0.9168750016536149 0.00035385486970652036 0.8485813482649742 0.00040232502612232455 0.2147376943078439 0.0007004701361064223 0.3616235159559264 0.001766246192413347 0.2147376943078439 0.0007004701361064223 0.3616235159559264 0.001766246192413347
47 0.9199491588576209 0.000352591984691579 0.8510019831714176 0.00043489934242281936 0.20830784826798157 0.0006824907171591293 0.3564466278704386 0.0018256962211911064 0.20830784826798157 0.0006824907171591293 0.3564466278704386 0.0018256962211911064
48 0.9230257954226717 0.0003531095930153861 0.8534474197893388 0.0004238346269609763 0.2020900544096967 0.0006686304619842087 0.35114162984851094 0.0017078189758384635 0.2020900544096967 0.0006686304619842087 0.35114162984851094 0.0017078189758384635
49 0.9259164203268787 0.00033495848474610925 0.8561855148583177 0.0004271162437822308 0.19609825519608362 0.0006513964327015364 0.34493361297285274 0.001692241180681939 0.19609825519608362 0.0006513964327015364 0.34493361297285274 0.001692241180681939
50 0.9286235135107759 0.00032384199361762877 0.8587152772479587 0.00042216481118497097 0.19027194000599493 0.000633937946521926 0.340077281462413 0.0017585548763324017 0.19027194000599493 0.000633937946521926 0.340077281462413 0.0017585548763324017
51 0.9313082855623511 0.00031101833172470747 0.8607787696201177 0.0004137807455449489 0.18467856378032133 0.0006235574171190273 0.33561508781646215 0.0016991713225076074 0.18467856378032133 0.0006235574171190273 0.33561508781646215 0.0016991713225076074
52 0.9338107656258794 0.0003155428309487365 0.8632291657938843 0.0004507226928243625 0.17923679874631543 0.0006116401139398267 0.3304284184225022 0.0016352517744635847 0.17923679874631543 0.0006116401139398267 0.3304284184225022 0.0016352517744635847
53 0.9362872041377519 0.0003099986629601416 0.8654513888829758 0.0004987363229970059 0.17400124601572603 0.0006035280761471514 0.32560361638990426 0.0016329518606710595 0.17400124601572603 0.0006035280761471514 0.32560361638990426 0.0016329518606710595
54 0.938639634455894 0.00031631337704858287 0.8674057538133292 0.00040285757780428685 0.16891969336254065 0.0005960487555653395 0.32174039962775414 0.0015367275878842165 0.16891969336254065 0.0005960487555653395 0.32174039962775414 0.0015367275878842165
55 0.940997025202073 0.000306649551634016 0.8694543650699039 0.0004550020665370613 0.16395953934961222 0.0005835860491730072 0.3170549596837234 0.0015335156717831981 0.16395953934961222 0.0005835860491730072 0.3170549596837234 0.0015335156717831981
56 0.9432428091808799 0.000295015004910116 0.8712946428370382 0.0004080165345884247 0.15920746249002626 0.0005766893669238988 0.31359699733023133 0.0014460669675393518 0.15920746249002626 0.0005766893669238988 0.31359699733023133 0.0014460669675393518
57 0.9453745054184564 0.0003041711388663691 0.8730803566023944 0.0004086252799153781 0.15457641488996277 0.0005702556484964926 0.3099148286388271 0.0014584500572832153 0.15457641488996277 0.0005702556484964926 0.3099148286388271 0.0014584500572832153
58 0.947413196179661 0.00029911438245462327 0.8752281742909597 0.00045147837836440226 0.1501022679851361 0.0005623583975051332 0.3049334390783712 0.0014599813991693165 0.1501022679851361 0.0005623583975051332 0.3049334390783712 0.0014599813991693165
59 0.9492522336986093 0.0002858341436551298 0.8764384917382684 0.00044845601545197023 0.14575730491353805 0.0005581470772369668 0.30296971232866843 0.001479170713421117 0.14575730491353805 0.0005581470772369668 0.30296971232866843 0.001479170713421117
60 0.951169396719585 0.00028776175397161386 0.8781646826260147 0.0003848243705559309 0.1415636853612442 0.000549925930565822 0.29875401178640976 0.001390439109874846 0.1415636853612442 0.000549925930565822 0.29875401178640976 0.001390439109874846
61 0.9530195952407897 0.0002857212399387078 0.8799503968939895 0.0003718370571873821 0.1374756529548442 0.0005445337794304472 0.2952176693124726 0.0012803978107556375 0.1374756529548442 0.0005445337794304472 0.2952176693124726 0.0012803978107556375
62 0.9548387921503967 0.00027697962414362383 0.8818005956886781 0.0003916145092911543 0.13350472627032092 0.0005374304122137196 0.2922549326667591 0.0014352101915676113 0.13350472627032092 0.0005374304122137196 0.2922549326667591 0.0014352101915676113
63 0.9564112131794292 0.0002745553964902425 0.8833085319116002 0.0003814346288189139 0.1296651398919205 0.0005297198714981208 0.288515353509565 0.001318914177236909 0.1296651398919205 0.0005297198714981208 0.288515353509565 0.001318914177236909
64 0.958050598501272 0.0002677369371295477 0.8847222226952749 0.00037150406628215244 0.12593267736882563 0.0005256244177628539 0.286012428289368 0.001295452861859415 0.12593267736882563 0.0005256244177628539 0.286012428289368 0.001295452861859415
65 0.9595622558294543 0.00026039615332866224 0.8861210323929314 0.0003882834236087316 0.12233500868702926 0.0005205500604287002 0.2827911311287492 0.0012540439496592322 0.12233500868702926 0.0005205500604287002 0.2827911311287492 0.0012540439496592322
66 0.9610825935496934 0.0002485858821646979 0.8877529768184538 0.00038125994854544407 0.11881185310406772 0.0005140387533892998 0.2795627333622958 0.0012688360472969257 0.11881185310406772 0.0005140387533892998 0.2795627333622958 0.0012688360472969257
67 0.9626091315514513 0.000239426417863195 0.8888740084710575 0.00037556964864495017 0.11540898225235101 0.0005066468226405802 0.27672847220969815 0.0012713495236464389 0.11540898225235101 0.0005066468226405802 0.27672847220969815 0.0012713495236464389
68 0.9639397374014296 0.00024054724454834165 0.8900198423673235 0.00038053800473178883 0.11211892560970718 0.0004995950531442994 0.27448291206540215 0.0011745359302801316 0.11211892560970718 0.0004995950531442994 0.27448291206540215 0.0011745359302801316
69 0.9652963849508929 0.00024171245299390608 0.8915228181356003 0.00040025804923476515 0.10889937777842751 0.0004915983301254833 0.2716440500432832 0.0013184134368986087 0.10889937777842751 0.0004915983301254833 0.2716440500432832 0.0013184134368986087
70 0.966563746383384 0.00024129551655618038 0.8927926591700979 0.0003975140915624023 0.10581568275968219 0.00048817439085737204 0.2690126893561452 0.0012640361992555292 0.10581568275968219 0.00048817439085737204 0.2690126893561452 0.0012640361992555292
71 0.9677691040664083 0.00023059305055544603 0.894097223073717 0.00036109593932975083 0.10280208086432327 0.00047943781876419694 0.26631173493621485 0.0012321298341527029 0.10280208086432327 0.00047943781876419694 0.26631173493621485 0.0012321298341527029
72 0.9689484193965437 0.00022288009747660777 0.8952182543715315 0.00033732665567755553 0.09987534942051825 0.0004736836092909106 0.26408309079115355 0.001159358196691574 0.09987534942051825 0.0004736836092909106 0.26408309079115355 0.001159358196691574
73 0.9701153349072215 0.00022493730518929235 0.8962648820132018 0.0003519714950198173 0.09702586134205506 0.0004676496577005141 0.26163368829718187 0.0011162048181950408 0.09702586134205506 0.0004676496577005141 0.26163368829718187 0.0011162048181950408
74 0.9711197998300787 0.00022012020407179264 0.8971279768716721 0.00032136827865062047 0.09428207017278062 0.0004620454734960762 0.25994965940979975 0.0010691714176286518 0.09428207017278062 0.0004620454734960762 0.25994965940979975 0.0010691714176286518
75 0.9722606730070851 0.00022306364229258247 0.8985813497728298 0.00034134029176370085 0.09159544154535978 0.0004548165417111608 0.2574973235158102 0.0010566561279022398 0.09159544154535978 0.0004548165417111608 0.2574973235158102 0.0010566561279022398
76 0.9732911794076836 0.00021311010850822554 0.8997569456637379 0.0003985218737159813 0.08897685060602806 0.00044643791925858185 0.25473672638070727 0.0011674719490924836 0.08897685060602806 0.00044643791925858185 0.25473672638070727 0.0011674719490924836
77 0.9742113187554337 0.0002102825553552582 0.9006250015445172 0.0004052487079687256 0.08650070271821553 0.00044103655109649744 0.2531005607577899 0.001173249806437836 0.08650070271821553 0.00044103655109649744 0.2531005607577899 0.001173249806437836
78 0.9751773413300278 0.00019729248091556576 0.9019047635592639 0.00034701597953108585 0.08405102751992036 0.0004337375556277291 0.25026285216833155 0.0010356460882039265 0.08405102751992036 0.0004337375556277291 0.25026285216833155 0.0010356460882039265
79 0.97613468227228 0.00020040398321765506 0.9028819462905326 0.0003680320821113319 0.08168643566910067 0.00042509415907718235 0.24825314990067415 0.0011062469733351286 0.08168643566910067 0.00042509415907718235 0.24825314990067415 0.0011062469733351286
80 0.97693577399773 0.00020048860366847173 0.903953374490615 0.00037714786683628123 0.07937298413021453 0.0004198856255890704 0.24605018297165984 0.001104294531735446 0.07937298413021453 0.0004198856255890704 0.24605018297165984 0.001104294531735446
81 0.9777901887361491 0.0001989209578090899 0.9043601206075106 0.0003916715174906953 0.07715616921948763 0.0004081603832548194 0.24576274594439873 0.001104209050864083 0.07715616921948763 0.0004081603832548194 0.24576274594439873 0.001104209050864083
82 0.978588799659222 0.0001895033380081717 0.9054613113225927 0.0004137050582126699 0.0749811121866861 0.0004031260553518515 0.24366409637122638 0.0011393257563556687 0.0749811121866861 0.0004031260553518515 0.24366409637122638 0.0011393257563556687
83 0.9793365677848221 0.0001785043075463726 0.9065922634823927 0.0003581064007614983 0.0728779786915448 0.0003956745707938808 0.24060333938160466 0.001057199313732402 0.0728779786915448 0.0003956745707938808 0.24060333938160466 0.001057199313732402
84 0.9800024906306394 0.00016936036790380225 0.9074206371569916 0.0003874272840319078 0.07084940261025506 0.0003884839588405268 0.23934144081089587 0.0010746559729998331 0.07084940261025506 0.0003884839588405268 0.23934144081089587 0.0010746559729998331
85 0.9807601791023025 0.00016230914308428324 0.9079315496933837 0.00035497659245225155 0.06887502419302197 0.000379875530510867 0.23894845861572006 0.000968726968262772 0.06887502419302197 0.000379875530510867 0.23894845861572006 0.000968726968262772
86 0.9815364689625327 0.00015456908003077526 0.9095833354289569 0.00036316035212648564 0.06693645216589739 0.0003729340897781232 0.23533749212067395 0.0009519205877170512 0.06693645216589739 0.0003729340897781232 0.23533749212067395 0.0009519205877170512
87 0.9821974313684873 0.00015923760468387584 0.9104017881528724 0.00037520549965392575 0.06507383859720975 0.0003634616422859636 0.2339529194425614 0.001035641672241679 0.06507383859720975 0.0003634616422859636 0.2339529194425614 0.001035641672241679
88 0.982733145702098 0.00014935675163272707 0.9107341289283737 0.00038052750003965684 0.06326415703381552 0.0003539845223452901 0.233568323761343 0.0010586767016291766 0.06326415703381552 0.0003539845223452901 0.233568323761343 0.0010586767016291766
89 0.9833680662474343 0.0001394068522302364 0.9114880975572361 0.00038432284540137416 0.061520915843028066 0.000345618480230759 0.23177643370267656 0.0010733662015129618 0.061520915843028066 0.000345618480230759 0.23177643370267656 0.0010733662015129618
90 0.9839385025321491 0.00013327633194487173 0.9125644863065746 0.00035051382814338486 0.05980037912945374 0.00033728858292759886 0.22977595792432867 0.0009889029477933037 0.05980037912945374 0.00033728858292759886 0.22977595792432867 0.0009889029477933037
91 0.9845387009696827 0.00013027515560665994 0.9132142881493246 0.00035495381756932206 0.058160032968716836 0.0003280552607351115 0.22857318409932925 0.0010260525993620769 0.058160032968716836 0.0003280552607351115 0.22857318409932925 0.0010260525993620769
92 0.9851401393907885 0.0001238675818078246 0.9145386925055867 0.0003386667441941818 0.056558166246210774 0.0003200588722335977 0.225980714677153 0.0009441144760906524 0.056558166246210774 0.0003200588722335977 0.225980714677153 0.0009441144760906524
93 0.985601448746664 0.00011164530551113369 0.9145882959876742 0.0003789780746243397 0.05499530717719435 0.0003119673575339389 0.22612537928221244 0.0010104213903856093 0.05499530717719435 0.0003119673575339389 0.22612537928221244 0.0010104213903856093
94 0.986161964510878 0.00010165843499467783 0.9152728198421383 0.00039642091310328854 0.053474325221470775 0.00030307641461204554 0.22503091441615233 0.0010988820336595294 0.053474325221470775 0.00030307641461204554 0.22503091441615233 0.0010988820336595294
95 0.9866331946814345 0.0001038907759757584 0.9160714307829501 0.00035514141375596054 0.05200023740864477 0.00029617024679849896 0.22361845289105692 0.0009468837176104951 0.05200023740864477 0.00029617024679849896 0.22361845289105692 0.0009468837176104951
96 0.9871093849769779 9.880976529234631e-05 0.9167609156419833 0.00035136649961365024 0.050569637738226446 0.00028641040908830936 0.22154316807956626 0.0010151314211352598 0.050569637738226446 0.00028641040908830936 0.22154316807956626 0.0010151314211352598
97 0.9875434124073574 9.121072557254598e-05 0.9177033755928278 0.00036067890945334354 0.049189173414543756 0.00027953491220503255 0.22036639402827457 0.000982749183322877 0.049189173414543756 0.00027953491220503255 0.22036639402827457 0.000982749183322877
98 0.9880518447755584 9.062298158361047e-05 0.917832343782934 0.00036746982453895793 0.04782660346644993 0.0002708624573960024 0.2201809028662475 0.0009687247087812925 0.04782660346644993 0.0002708624573960024 0.2201809028662475 0.0009687247087812925
99 0.9884412294120661 8.293351143845188e-05 0.9187500025544848 0.00031874791471994397 0.04653521035061059 0.00026512341166759886 0.21823090512290716 0.0009838517537163992 0.04653521035061059 0.00026512341166759886 0.21823090512290716 0.0009838517537163992
