epoch acc acc_e val_acc val_acc_e loss loss_e val_loss val_loss_e binary_crossentropy binary_crossentropy_e val_binary_crossentropy val_binary_crossentropy_e
0 0.906300000473857 0.0 0.9126500025391578 0.0 0.2255058021750301 0.0 0.23887692127376794 0.0 0.2255058021750301 0.0 0.23887692127376794 0.0
1 0.9505625016987324 0.0 0.9503999990224838 0.0 0.12054816318210214 0.0 0.1220736705698073 0.0 0.12054816318210214 0.0 0.1220736705698073 0.0
2 0.9624500048905611 0.0 0.9650000068545341 0.0 0.09091887418413534 0.0 0.08107539271935821 0.0 0.09091887418413534 0.0 0.08107539271935821 0.0
3 0.9691750079393386 0.0 0.9675500056147576 0.0 0.0744143945851829 0.0 0.07573570938780903 0.0 0.0744143945851829 0.0 0.07573570938780903 0.0
4 0.97117500834167 0.0 0.9688500067591668 0.0 0.06855073275277392 0.0 0.07162687348201871 0.0 0.06855073275277392 0.0 0.07162687348201871 0.0
5 0.9739250088483096 0.0 0.9671000051498413 0.0 0.06214062413724605 0.0 0.07574458098970353 0.0 0.06214062413724605 0.0 0.07574458098970353 0.0
6 0.9755250093340874 0.0 0.9696500048041343 0.0 0.058068844712106514 0.0 0.06899529694579541 0.0 0.058068844712106514 0.0 0.06899529694579541 0.0
7 0.9786125105619431 0.0 0.9682500070333481 0.0 0.0506640268402407 0.0 0.07461838118731975 0.0 0.0506640268402407 0.0 0.07461838118731975 0.0
8 0.9820000102370977 0.0 0.9706500065326691 0.0 0.04357870820153039 0.0 0.07051721184048802 0.0 0.04357870820153039 0.0 0.07051721184048802 0.0
9 0.9852875096350908 0.0 0.9685500058531761 0.0 0.03693557954684366 0.0 0.08171354704536497 0.0 0.03693557954684366 0.0 0.08171354704536497 0.0
10 0.98877500846982 0.0 0.9702000057697296 0.0 0.029480493271839804 0.0 0.0779914961848408 0.0 0.029480493271839804 0.0 0.0779914961848408 0.0
11 0.9925750058889389 0.0 0.9689000046253204 0.0 0.021500827136915177 0.0 0.08852514579892158 0.0 0.021500827136915177 0.0 0.08852514579892158 0.0
12 0.9950875037163496 0.0 0.967100006043911 0.0 0.014880019425836508 0.0 0.09971347197657451 0.0 0.014880019425836508 0.0 0.09971347197657451 0.0
13 0.9976000022888184 0.0 0.9666000056266785 0.0 0.008752726462189457 0.0 0.1270956629444845 0.0 0.008752726462189457 0.0 0.1270956629444845 0.0
14 0.9988875010609627 0.0 0.9693500056862832 0.0 0.005019245426842645 0.0 0.11121238140622154 0.0 0.005019245426842645 0.0 0.11121238140622154 0.0
15 0.9987875002622605 0.0 0.9692000067234039 0.0 0.00586440596805005 0.0 0.11849170725792646 0.0 0.00586440596805005 0.0 0.11849170725792646 0.0
16 0.9989500003308058 0.0 0.9676000058650971 0.0 0.005470071725171693 0.0 0.13680449462961405 0.0 0.005470071725171693 0.0 0.13680449462961405 0.0
17 0.9994125003367662 0.0 0.9686500066518784 0.0 0.002493075323677658 0.0 0.1292103679984575 0.0 0.002493075323677658 0.0 0.1292103679984575 0.0
18 0.9991750002652406 0.0 0.9693500065803528 0.0 0.004111284531281853 0.0 0.13867518165148796 0.0 0.004111284531281853 0.0 0.13867518165148796 0.0
19 0.999200000166893 0.0 0.9692500066757203 0.0 0.004990092960717903 0.0 0.14147848523338324 0.0 0.004990092960717903 0.0 0.14147848523338324 0.0
20 0.9999750000238419 0.0 0.9687500071525573 0.0 0.00035486721541929 0.0 0.15496651569614187 0.0 0.00035486721541929 0.0 0.15496651569614187 0.0
21 0.9996250002086162 0.0 0.9685500052571296 0.0 0.0016079441908900094 0.0 0.15781852450221778 0.0 0.0016079441908900094 0.0 0.15781852450221778 0.0
22 0.999750000089407 0.0 0.968750005364418 0.0 0.0013178082824848048 0.0 0.16480099542532117 0.0 0.0013178082824848048 0.0 0.16480099542532117 0.0
23 0.9993875001370907 0.0 0.9678500047326088 0.0 0.00312555361918708 0.0 0.16173312538769097 0.0 0.00312555361918708 0.0 0.16173312538769097 0.0
24 0.9995000000298023 0.0 0.9686000055074692 0.0 0.004478274471401846 0.0 0.1657246280135587 0.0 0.004478274471401846 0.0 0.1657246280135587 0.0
25 0.9995750001072884 0.0 0.968150006532669 0.0 0.002225879311095866 0.0 0.17298491143854336 0.0 0.002225879311095866 0.0 0.17298491143854336 0.0
26 0.9999375000596047 0.0 0.9681000050902366 0.0 0.00039581557996001495 0.0 0.182900110091432 0.0 0.00039581557996001495 0.0 0.182900110091432 0.0
27 1.0 0.0 0.9679000049829483 0.0 6.046068616473832e-05 0.0 0.19446774520736654 0.0 6.046068616473832e-05 0.0 0.19446774520736654 0.0
28 0.9997874999791384 0.0 0.9684000048041344 0.0 0.0008842400306244259 0.0 0.18904725715285167 0.0 0.0008842400306244259 0.0 0.18904725715285167 0.0
29 1.0 0.0 0.9690000066161155 0.0 5.4194186958937965e-05 0.0 0.19359883264056407 0.0 5.4194186958937965e-05 0.0 0.19359883264056407 0.0
30 0.999437500089407 0.0 0.9683000072836876 0.0 0.0032768043659992686 0.0 0.18599802773154805 0.0 0.0032768043659992686 0.0 0.18599802773154805 0.0
31 0.9999750000238419 0.0 0.9686500057578087 0.0 8.886278643025492e-05 0.0 0.1967980623972835 0.0 8.886278643025492e-05 0.0 0.1967980623972835 0.0
32 1.0 0.0 0.9688000065088272 0.0 2.8362995836914707e-05 0.0 0.20466667908767705 0.0 2.8362995836914707e-05 0.0 0.20466667908767705 0.0
33 1.0 0.0 0.968200005888939 0.0 3.421334774255769e-05 0.0 0.20626461839361582 0.0 3.421334774255769e-05 0.0 0.20626461839361582 0.0
34 1.0 0.0 0.9685000050067901 0.0 1.626854098518038e-05 0.0 0.21012608953693415 0.0 1.626854098518038e-05 0.0 0.21012608953693415 0.0
35 1.0 0.0 0.9685500049591065 0.0 1.2456859425764577e-05 0.0 0.2142233320782543 0.0 1.2456859425764577e-05 0.0 0.2142233320782543 0.0
36 1.0 0.0 0.9683500057458878 0.0 1.0755673458895387e-05 0.0 0.21914910467457957 0.0 1.0755673458895387e-05 0.0 0.21914910467457957 0.0
37 1.0 0.0 0.9685500055551529 0.0 8.440658138386681e-06 0.0 0.22061983545310795 0.0 8.440658138386681e-06 0.0 0.22061983545310795 0.0
38 1.0 0.0 0.9686000055074692 0.0 8.03706796548731e-06 0.0 0.2220355968020158 0.0 8.03706796548731e-06 0.0 0.2220355968020158 0.0
39 1.0 0.0 0.9684000048041344 0.0 6.267736576397453e-06 0.0 0.2235129412083188 0.0 6.267736576397453e-06 0.0 0.2235129412083188 0.0
40 1.0 0.0 0.9684500053524971 0.0 5.826184146329183e-06 0.0 0.22719388372439425 0.0 5.826184146329183e-06 0.0 0.22719388372439425 0.0
41 1.0 0.0 0.9687000057101249 0.0 5.124204741271399e-06 0.0 0.22702351351210381 0.0 5.124204741271399e-06 0.0 0.22702351351210381 0.0
42 1.0 0.0 0.9685500049591065 0.0 4.6979664933299855e-06 0.0 0.22924753741302994 0.0 4.6979664933299855e-06 0.0 0.22924753741302994 0.0
43 1.0 0.0 0.968650004863739 0.0 4.311550085240867e-06 0.0 0.2305922030893271 0.0 4.311550085240867e-06 0.0 0.2305922030893271 0.0
44 1.0 0.0 0.9679000052809715 0.0 4.033231406435078e-06 0.0 0.2339244732921361 0.0 4.033231406435078e-06 0.0 0.2339244732921361 0.0
45 1.0 0.0 0.9687000054121018 0.0 3.6899541938240076e-06 0.0 0.23267946117412067 0.0 3.6899541938240076e-06 0.0 0.23267946117412067 0.0
46 1.0 0.0 0.9683000048995019 0.0 3.4291095489979995e-06 0.0 0.23366287021606694 0.0 3.4291095489979995e-06 0.0 0.23366287021606694 0.0
47 1.0 0.0 0.9685000056028366 0.0 3.251848569423288e-06 0.0 0.23604434690030757 0.0 3.251848569423288e-06 0.0 0.23604434690030757 0.0
48 1.0 0.0 0.9685500058531761 0.0 3.0931973364012323e-06 0.0 0.23657371316017817 0.0 3.0931973364012323e-06 0.0 0.23657371316017817 0.0
49 1.0 0.0 0.9688000059127808 0.0 2.936930282047001e-06 0.0 0.23648328390729148 0.0 2.936930282047001e-06 0.0 0.23648328390729148 0.0
50 1.0 0.0 0.9685500052571296 0.0 2.7393571463640854e-06 0.0 0.23838203703489852 0.0 2.7393571463640854e-06 0.0 0.23838203703489852 0.0
51 1.0 0.0 0.9683000046014786 0.0 2.645921056982914e-06 0.0 0.23759507191047305 0.0 2.645921056982914e-06 0.0 0.23759507191047305 0.0
52 1.0 0.0 0.9683500051498413 0.0 2.55997199142044e-06 0.0 0.2379277558537433 0.0 2.55997199142044e-06 0.0 0.2379277558537433 0.0
53 1.0 0.0 0.968300005197525 0.0 2.4542660666693194e-06 0.0 0.23895177318685457 0.0 2.4542660666693194e-06 0.0 0.23895177318685457 0.0
54 1.0 0.0 0.9686500057578087 0.0 2.309616473388232e-06 0.0 0.24075111860089238 0.0 2.309616473388232e-06 0.0 0.24075111860089238 0.0
55 1.0 0.0 0.9685500055551529 0.0 2.247410479032652e-06 0.0 0.24087462368654086 0.0 2.247410479032652e-06 0.0 0.24087462368654086 0.0
56 1.0 0.0 0.9685500058531761 0.0 2.1512198984208197e-06 0.0 0.24132165837072533 0.0 2.1512198984208197e-06 0.0 0.24132165837072533 0.0
57 1.0 0.0 0.9685000053048134 0.0 2.0411728672353748e-06 0.0 0.24192254483263242 0.0 2.0411728672353748e-06 0.0 0.24192254483263242 0.0
58 1.0 0.0 0.9687000051140785 0.0 1.997448280874892e-06 0.0 0.24277961038285867 0.0 1.997448280874892e-06 0.0 0.24277961038285867 0.0
59 1.0 0.0 0.9683500051498413 0.0 1.919769176623731e-06 0.0 0.242464246324962 0.0 1.919769176623731e-06 0.0 0.242464246324962 0.0
60 1.0 0.0 0.9683500051498413 0.0 1.8668317792958079e-06 0.0 0.24357753603864693 0.0 1.8668317792958079e-06 0.0 0.24357753603864693 0.0
61 1.0 0.0 0.9685500058531761 0.0 1.796617592413341e-06 0.0 0.24390089448803337 0.0 1.796617592413341e-06 0.0 0.24390089448803337 0.0
62 1.0 0.0 0.9684500056505203 0.0 1.7480791125201734e-06 0.0 0.24454809501621638 0.0 1.7480791125201734e-06 0.0 0.24454809501621638 0.0
63 1.0 0.0 0.9685500055551529 0.0 1.6991777713126766e-06 0.0 0.24459905620780772 0.0 1.6991777713126766e-06 0.0 0.24459905620780772 0.0
64 1.0 0.0 0.9686500054597854 0.0 1.6466284946403676e-06 0.0 0.24596072502987226 0.0 1.6466284946403676e-06 0.0 0.24596072502987226 0.0
65 1.0 0.0 0.9685000050067901 0.0 1.613025802544854e-06 0.0 0.24590362338611157 0.0 1.613025802544854e-06 0.0 0.24590362338611157 0.0
66 1.0 0.0 0.9683500057458878 0.0 1.549207197033553e-06 0.0 0.24575487156922463 0.0 1.549207197033553e-06 0.0 0.24575487156922463 0.0
67 1.0 0.0 0.9684000048041344 0.0 1.5184708391657863e-06 0.0 0.24655978104070528 0.0 1.5184708391657863e-06 0.0 0.24655978104070528 0.0
68 1.0 0.0 0.9686000061035156 0.0 1.493068587095081e-06 0.0 0.2470593020209344 0.0 1.493068587095081e-06 0.0 0.2470593020209344 0.0
69 1.0 0.0 0.9685500055551529 0.0 1.4445013318553635e-06 0.0 0.2471979438883136 0.0 1.4445013318553635e-06 0.0 0.2471979438883136 0.0
70 1.0 0.0 0.9682000049948692 0.0 1.3937931290097793e-06 0.0 0.24750320248509525 0.0 1.3937931290097793e-06 0.0 0.24750320248509525 0.0
71 1.0 0.0 0.9685500055551529 0.0 1.3714065941350383e-06 0.0 0.24870549752376975 0.0 1.3714065941350383e-06 0.0 0.24870549752376975 0.0
72 1.0 0.0 0.9684500056505203 0.0 1.3398631847749699e-06 0.0 0.24814917649433482 0.0 1.3398631847749699e-06 0.0 0.24814917649433482 0.0
73 1.0 0.0 0.9685000053048134 0.0 1.3064061573508922e-06 0.0 0.24886101207346656 0.0 1.3064061573508922e-06 0.0 0.24886101207346656 0.0
74 1.0 0.0 0.968300005197525 0.0 1.2801714694710143e-06 0.0 0.24930326445581158 0.0 1.2801714694710143e-06 0.0 0.24930326445581158 0.0
75 1.0 0.0 0.9683000054955483 0.0 1.2531111798441686e-06 0.0 0.24927885426848662 0.0 1.2531111798441686e-06 0.0 0.24927885426848662 0.0
76 1.0 0.0 0.9682500049471855 0.0 1.2312304459083378e-06 0.0 0.25022121244255685 0.0 1.2312304459083378e-06 0.0 0.25022121244255685 0.0
77 1.0 0.0 0.9683000054955483 0.0 1.208263321634817e-06 0.0 0.2500479404354701 0.0 1.208263321634817e-06 0.0 0.2500479404354701 0.0
78 1.0 0.0 0.9684000051021576 0.0 1.175940511783935e-06 0.0 0.25056912426953204 0.0 1.175940511783935e-06 0.0 0.25056912426953204 0.0
79 1.0 0.0 0.9685000056028366 0.0 1.160094043299864e-06 0.0 0.2504677948125755 0.0 1.160094043299864e-06 0.0 0.2504677948125755 0.0
80 1.0 0.0 0.9685000056028366 0.0 1.1394839666412083e-06 0.0 0.25090174565062623 0.0 1.1394839666412083e-06 0.0 0.25090174565062623 0.0
81 1.0 0.0 0.9682500052452088 0.0 1.1128914107771948e-06 0.0 0.25095669262635056 0.0 1.1128914107771948e-06 0.0 0.25095669262635056 0.0
82 1.0 0.0 0.9684500053524971 0.0 1.092953161787591e-06 0.0 0.2509546546507045 0.0 1.092953161787591e-06 0.0 0.2509546546507045 0.0
83 1.0 0.0 0.9683500057458878 0.0 1.0812415452399193e-06 0.0 0.25162990225682735 0.0 1.0812415452399193e-06 0.0 0.25162990225682735 0.0
84 1.0 0.0 0.9685000056028366 0.0 1.0582641556933225e-06 0.0 0.252140793442959 0.0 1.0582641556933225e-06 0.0 0.252140793442959 0.0
85 1.0 0.0 0.9684000051021576 0.0 1.0491619655095264e-06 0.0 0.2526018806552747 0.0 1.0491619655095264e-06 0.0 0.2526018806552747 0.0
86 1.0 0.0 0.9684500053524971 0.0 1.0230390052967664e-06 0.0 0.2520466345419118 0.0 1.0230390052967664e-06 0.0 0.2520466345419118 0.0
87 1.0 0.0 0.9685500052571296 0.0 1.0093898853469342e-06 0.0 0.252548777377815 0.0 1.0093898853469342e-06 0.0 0.252548777377815 0.0
88 1.0 0.0 0.9684500053524971 0.0 9.83352676833249e-07 0.0 0.25315969308576314 0.0 9.83352676833249e-07 0.0 0.25315969308576314 0.0
89 1.0 0.0 0.9685500052571296 0.0 9.736233159607366e-07 0.0 0.2540641949084238 0.0 9.736233159607366e-07 0.0 0.2540641949084238 0.0
90 1.0 0.0 0.9683500054478645 0.0 9.571765852633974e-07 0.0 0.25369504641959795 0.0 9.571765852633974e-07 0.0 0.25369504641959795 0.0
91 1.0 0.0 0.9683000054955483 0.0 9.458341817847326e-07 0.0 0.2535699658442172 0.0 9.458341817847326e-07 0.0 0.2535699658442172 0.0
92 1.0 0.0 0.9684000054001808 0.0 9.276589023698989e-07 0.0 0.25386841459578136 0.0 9.276589023698989e-07 0.0 0.25386841459578136 0.0
93 1.0 0.0 0.9684500053524971 0.0 9.143487039331433e-07 0.0 0.2541757657946437 0.0 9.143487039331433e-07 0.0 0.2541757657946437 0.0
94 1.0 0.0 0.9682500055432319 0.0 9.057035532045176e-07 0.0 0.25448105665069304 0.0 9.057035532045176e-07 0.0 0.25448105665069304 0.0
95 1.0 0.0 0.968350006043911 0.0 8.893259912667873e-07 0.0 0.2553308122609451 0.0 8.893259912667873e-07 0.0 0.2553308122609451 0.0
96 1.0 0.0 0.9685000050067901 0.0 8.784308224552006e-07 0.0 0.25455103212749236 0.0 8.784308224552006e-07 0.0 0.25455103212749236 0.0
97 1.0 0.0 0.9684000054001808 0.0 8.709328149958395e-07 0.0 0.25560891122600876 0.0 8.709328149958395e-07 0.0 0.25560891122600876 0.0
98 1.0 0.0 0.9684000054001808 0.0 8.585518507686629e-07 0.0 0.25572208643032357 0.0 8.585518507686629e-07 0.0 0.25572208643032357 0.0
99 1.0 0.0 0.9683500054478645 0.0 8.510696943986318e-07 0.0 0.25554065953736427 0.0 8.510696943986318e-07 0.0 0.25554065953736427 0.0
