epoch acc acc_e val_acc val_acc_e loss loss_e val_loss val_loss_e binary_crossentropy binary_crossentropy_e val_binary_crossentropy val_binary_crossentropy_e
0 0.9086500004678965 0.0 0.955400002002716 0.0 0.22614579455927014 0.0 0.11135387282818555 0.0 0.22614579455927014 0.0 0.11135387282818555 0.0
1 0.9540375028550625 0.0 0.9563000005483627 0.0 0.11446559225674718 0.0 0.10294123489409684 0.0 0.11446559225674718 0.0 0.10294123489409684 0.0
2 0.9627375055849552 0.0 0.9691500058770179 0.0 0.090891841086559 0.0 0.07052025767974555 0.0 0.090891841086559 0.0 0.07052025767974555 0.0
3 0.9684500071406364 0.0 0.9645500046014786 0.0 0.07610314113320783 0.0 0.0801084078848362 0.0 0.07610314113320783 0.0 0.0801084078848362 0.0
4 0.9712375079095363 0.0 0.9657000032067299 0.0 0.06944002106785774 0.0 0.07989461447112262 0.0 0.06944002106785774 0.0 0.07989461447112262 0.0
5 0.9717750096321106 0.0 0.9724000090360642 0.0 0.06618378926767036 0.0 0.06172999424859881 0.0 0.06618378926767036 0.0 0.06172999424859881 0.0
6 0.974012508392334 0.0 0.9735500082373619 0.0 0.06254048189468449 0.0 0.06005319059826433 0.0 0.06254048189468449 0.0 0.06005319059826433 0.0
7 0.9745625091344118 0.0 0.9722000092267991 0.0 0.05987547880096827 0.0 0.06291369380429387 0.0 0.05987547880096827 0.0 0.06291369380429387 0.0
8 0.9764625090360641 0.0 0.9731500089168549 0.0 0.05649784501409158 0.0 0.060501515259966256 0.0 0.05649784501409158 0.0 0.060501515259966256 0.0
9 0.9779750098288059 0.0 0.9726000094413757 0.0 0.05497935647144914 0.0 0.060898854471743105 0.0 0.05497935647144914 0.0 0.060898854471743105 0.0
10 0.9786625113338232 0.0 0.9722500085830689 0.0 0.05242020041536307 0.0 0.06342340601608157 0.0 0.05242020041536307 0.0 0.06342340601608157 0.0
11 0.978975010290742 0.0 0.974700009226799 0.0 0.04991514725435991 0.0 0.05946325949393213 0.0 0.04991514725435991 0.0 0.05946325949393213 0.0
12 0.9805875104665757 0.0 0.9724000090360642 0.0 0.04839258671883726 0.0 0.06313335407059639 0.0 0.04839258671883726 0.0 0.06313335407059639 0.0
13 0.980200010985136 0.0 0.9719500088691712 0.0 0.047535837150935546 0.0 0.06435805266257376 0.0 0.047535837150935546 0.0 0.06435805266257376 0.0
14 0.9819125100970268 0.0 0.9744500103592872 0.0 0.043652080286847195 0.0 0.06081768813543022 0.0 0.043652080286847195 0.0 0.06081768813543022 0.0
15 0.9828375113755464 0.0 0.9709500089287758 0.0 0.04196227736101719 0.0 0.07278065770398826 0.0 0.04196227736101719 0.0 0.07278065770398826 0.0
16 0.9832625106722116 0.0 0.9729500091075898 0.0 0.04127946689084638 0.0 0.06647337302099914 0.0 0.04127946689084638 0.0 0.06647337302099914 0.0
17 0.9833875109255313 0.0 0.971050009727478 0.0 0.03922911168425344 0.0 0.07130755897145719 0.0 0.03922911168425344 0.0 0.07130755897145719 0.0
18 0.9855250106006861 0.0 0.9710000097751618 0.0 0.03700107935379492 0.0 0.08040912544354796 0.0 0.03700107935379492 0.0 0.08040912544354796 0.0
19 0.9858500099927187 0.0 0.974600011408329 0.0 0.03583897848031484 0.0 0.06821402079891413 0.0 0.03583897848031484 0.0 0.06821402079891413 0.0
20 0.9867500095069408 0.0 0.9732000082731247 0.0 0.03296501657743647 0.0 0.07019325755536557 0.0 0.03296501657743647 0.0 0.07019325755536557 0.0
21 0.9872500093281269 0.0 0.9701500087976456 0.0 0.031968122606995164 0.0 0.08343425398226828 0.0 0.031968122606995164 0.0 0.08343425398226828 0.0
22 0.9883375087380409 0.0 0.9713000118732452 0.0 0.03090990266573499 0.0 0.08074258904904127 0.0 0.03090990266573499 0.0 0.08074258904904127 0.0
23 0.9885125090926885 0.0 0.9730000084638596 0.0 0.029598055104488593 0.0 0.0728656793711707 0.0 0.029598055104488593 0.0 0.0728656793711707 0.0
24 0.9891750088334084 0.0 0.9730000096559525 0.0 0.027781752502523887 0.0 0.07631251920480281 0.0 0.027781752502523887 0.0 0.07631251920480281 0.0
25 0.9901750080287457 0.0 0.971350009739399 0.0 0.025896136318770004 0.0 0.08880576538154855 0.0 0.025896136318770004 0.0 0.08880576538154855 0.0
26 0.9906000078469515 0.0 0.9685000079870224 0.0 0.024711196739663138 0.0 0.08946292431326583 0.0 0.024711196739663138 0.0 0.08946292431326583 0.0
27 0.9910125079005957 0.0 0.9670500081777572 0.0 0.02397253571994952 0.0 0.09942161430604755 0.0 0.02397253571994952 0.0 0.09942161430604755 0.0
28 0.9912750075012445 0.0 0.9728000080585479 0.0 0.02284806062183634 0.0 0.08149522601161152 0.0 0.02284806062183634 0.0 0.08149522601161152 0.0
29 0.9916875073313713 0.0 0.9731000110507011 0.0 0.021660204514973885 0.0 0.08098685926757752 0.0 0.021660204514973885 0.0 0.08098685926757752 0.0
30 0.9923125062137842 0.0 0.9733500102162361 0.0 0.020203371831867115 0.0 0.08201656786259263 0.0 0.020203371831867115 0.0 0.08201656786259263 0.0
31 0.9922500070184469 0.0 0.9715000084042549 0.0 0.02036707953995574 0.0 0.08723408588208258 0.0 0.02036707953995574 0.0 0.08723408588208258 0.0
32 0.9930000061541796 0.0 0.9703000101447106 0.0 0.01920870962256231 0.0 0.10012115853605792 0.0 0.01920870962256231 0.0 0.10012115853605792 0.0
33 0.9935250059515238 0.0 0.9729000109434128 0.0 0.01845482466094836 0.0 0.08530571381212212 0.0 0.01845482466094836 0.0 0.08530571381212212 0.0
34 0.9939875054359436 0.0 0.9734000104665756 0.0 0.016495307175628113 0.0 0.08654535407666117 0.0 0.016495307175628113 0.0 0.08654535407666117 0.0
35 0.9942125055193901 0.0 0.9736500096321106 0.0 0.016160904511707486 0.0 0.08485316490288825 0.0 0.016160904511707486 0.0 0.08485316490288825 0.0
36 0.993812505826354 0.0 0.9722500097751617 0.0 0.016674884208077854 0.0 0.09013780523557216 0.0 0.016674884208077854 0.0 0.09013780523557216 0.0
37 0.9947375048696995 0.0 0.9732000097632408 0.0 0.015277662152784614 0.0 0.08644021327607333 0.0 0.015277662152784614 0.0 0.08644021327607333 0.0
38 0.9946000047773123 0.0 0.9735500109195709 0.0 0.01473996865519439 0.0 0.09101436003576964 0.0 0.01473996865519439 0.0 0.09101436003576964 0.0
39 0.9947750047594309 0.0 0.9702000063657761 0.0 0.014917441702109499 0.0 0.10126270064851269 0.0 0.014917441702109499 0.0 0.10126270064851269 0.0
40 0.9947500049322844 0.0 0.9731000089645385 0.0 0.013989165075208802 0.0 0.08829126173164696 0.0 0.013989165075208802 0.0 0.08829126173164696 0.0
41 0.995300004184246 0.0 0.9729500082135201 0.0 0.013639044871924853 0.0 0.08661030187271536 0.0 0.013639044871924853 0.0 0.08661030187271536 0.0
42 0.9954625042527914 0.0 0.9720000070333481 0.0 0.012673625108282066 0.0 0.09591466918587685 0.0 0.012673625108282066 0.0 0.09591466918587685 0.0
43 0.99553750410676 0.0 0.9712500077486038 0.0 0.012225811935003321 0.0 0.10151559548452496 0.0 0.012225811935003321 0.0 0.10151559548452496 0.0
44 0.9955000041425228 0.0 0.9734500080347062 0.0 0.011963291228375965 0.0 0.09794962288811802 0.0 0.011963291228375965 0.0 0.09794962288811802 0.0
45 0.9959000036865473 0.0 0.9691000086069107 0.0 0.011599018250686868 0.0 0.12335501005407423 0.0 0.011599018250686868 0.0 0.12335501005407423 0.0
46 0.9954000043869019 0.0 0.9731000092625618 0.0 0.012521567530120592 0.0 0.09383431226480753 0.0 0.012521567530120592 0.0 0.09383431226480753 0.0
47 0.9958625038713217 0.0 0.9679500067234039 0.0 0.011363452372461325 0.0 0.13320746403886005 0.0 0.011363452372461325 0.0 0.13320746403886005 0.0
48 0.9962375035881996 0.0 0.9725000104308128 0.0 0.010972593338177603 0.0 0.10752928890986369 0.0 0.010972593338177603 0.0 0.10752928890986369 0.0
49 0.9962000034749507 0.0 0.9718000075221062 0.0 0.0107468857828826 0.0 0.10776512711076065 0.0 0.0107468857828826 0.0 0.10776512711076065 0.0
50 0.9960500037670136 0.0 0.9702000087499618 0.0 0.010977287064079064 0.0 0.11549325757892802 0.0 0.010977287064079064 0.0 0.11549325757892802 0.0
51 0.9964500033110381 0.0 0.9721500101685524 0.0 0.01020728840574975 0.0 0.10904045097064227 0.0 0.01020728840574975 0.0 0.10904045097064227 0.0
52 0.9963625034689904 0.0 0.9726500099897385 0.0 0.01040588235872974 0.0 0.10357572264038026 0.0 0.01040588235872974 0.0 0.10357572264038026 0.0
53 0.9964000033587217 0.0 0.9685500070452691 0.0 0.010209514768212103 0.0 0.13381819934118538 0.0 0.010209514768212103 0.0 0.13381819934118538 0.0
54 0.9965875031799079 0.0 0.9722500076889992 0.0 0.009903461512278682 0.0 0.10476915012812242 0.0 0.009903461512278682 0.0 0.10476915012812242 0.0
55 0.9969625028967858 0.0 0.9724000084400177 0.0 0.008579904957691582 0.0 0.11058187382528559 0.0 0.008579904957691582 0.0 0.11058187382528559 0.0
56 0.9967500028759241 0.0 0.9722000104188919 0.0 0.009261937143114664 0.0 0.10972476301249116 0.0 0.009261937143114664 0.0 0.10972476301249116 0.0
57 0.9969500028342009 0.0 0.9727000084519386 0.0 0.008942298800268417 0.0 0.10441737794550136 0.0 0.008942298800268417 0.0 0.10441737794550136 0.0
58 0.9971125027537346 0.0 0.9696000096201897 0.0 0.008120387055158744 0.0 0.12717174225486816 0.0 0.008120387055158744 0.0 0.12717174225486816 0.0
59 0.9969250027835369 0.0 0.9741000097990036 0.0 0.00858554681968144 0.0 0.1149880606145598 0.0 0.00858554681968144 0.0 0.1149880606145598 0.0
60 0.9969500029087066 0.0 0.9727500104904174 0.0 0.00897316778152799 0.0 0.1046520259929821 0.0 0.00897316778152799 0.0 0.1046520259929821 0.0
61 0.9971125026792288 0.0 0.969650008380413 0.0 0.008253766590455599 0.0 0.1223927895759698 0.0 0.008253766590455599 0.0 0.1223927895759698 0.0
62 0.9973875024169684 0.0 0.9724500086903572 0.0 0.007428251906439982 0.0 0.11979523967020214 0.0 0.007428251906439982 0.0 0.11979523967020214 0.0
63 0.997300002425909 0.0 0.9732000091671944 0.0 0.007977430058168124 0.0 0.10626651909900829 0.0 0.007977430058168124 0.0 0.10626651909900829 0.0
64 0.9971375027298928 0.0 0.9735000094771386 0.0 0.008657636966936479 0.0 0.11116229210980237 0.0 0.008657636966936479 0.0 0.11116229210980237 0.0
65 0.9969125029444694 0.0 0.9726000085473061 0.0 0.008895579109598657 0.0 0.1171121079043951 0.0 0.008895579109598657 0.0 0.1171121079043951 0.0
66 0.9975625022500754 0.0 0.972600009739399 0.0 0.007516801599950895 0.0 0.11317058131098748 0.0 0.007516801599950895 0.0 0.11317058131098748 0.0
67 0.997187502682209 0.0 0.9728500109910965 0.0 0.007860162300175944 0.0 0.11634076654911041 0.0 0.007860162300175944 0.0 0.11634076654911041 0.0
68 0.9973125025629997 0.0 0.9710500103235244 0.0 0.007329948752205837 0.0 0.12708275300450622 0.0 0.007329948752205837 0.0 0.12708275300450622 0.0
69 0.9976875021308661 0.0 0.9728500097990036 0.0 0.0074150542422080435 0.0 0.10902130382368341 0.0 0.0074150542422080435 0.0 0.10902130382368341 0.0
70 0.9976125022768975 0.0 0.9732500100135804 0.0 0.007335896003506832 0.0 0.11806692181853577 0.0 0.007335896003506832 0.0 0.11806692181853577 0.0
71 0.9976500022411346 0.0 0.9731000101566315 0.0 0.007130892072752886 0.0 0.12337785438168794 0.0 0.007130892072752886 0.0 0.12337785438168794 0.0
72 0.9976500022411346 0.0 0.9678500062227249 0.0 0.006637635811187295 0.0 0.15775281159905716 0.0 0.006637635811187295 0.0 0.15775281159905716 0.0
73 0.9976875022053718 0.0 0.9716000089049339 0.0 0.007165258889229165 0.0 0.12978274071123452 0.0 0.007165258889229165 0.0 0.12978274071123452 0.0
74 0.9974500024318695 0.0 0.9718500092625618 0.0 0.007213068963887963 0.0 0.1359617592743598 0.0 0.007213068963887963 0.0 0.1359617592743598 0.0
75 0.9976750022172928 0.0 0.972800010740757 0.0 0.0068319335880531185 0.0 0.11524129781173542 0.0 0.0068319335880531185 0.0 0.11524129781173542 0.0
76 0.997725002169609 0.0 0.9729500108957291 0.0 0.0068102670131179365 0.0 0.11647598705254496 0.0 0.0068102670131179365 0.0 0.11647598705254496 0.0
77 0.9976875022053718 0.0 0.9725500103831292 0.0 0.006527525776069751 0.0 0.11306755140423774 0.0 0.006527525776069751 0.0 0.11306755140423774 0.0
78 0.9977000021934509 0.0 0.9726500090956688 0.0 0.0064537051826414425 0.0 0.12086576297180728 0.0 0.0064537051826414425 0.0 0.12086576297180728 0.0
79 0.9976000022888184 0.0 0.9730500105023384 0.0 0.006768425807388212 0.0 0.1255871876119636 0.0 0.006768425807388212 0.0 0.1255871876119636 0.0
80 0.9978625020384788 0.0 0.9729000103473663 0.0 0.0062732244817300395 0.0 0.12268239962868392 0.0 0.0062732244817300395 0.0 0.12268239962868392 0.0
81 0.9976375021785497 0.0 0.9729000088572503 0.0 0.006802956994521878 0.0 0.11754897847073152 0.0 0.006802956994521878 0.0 0.11754897847073152 0.0
82 0.9978125020861626 0.0 0.9733000099658966 0.0 0.006414181151325238 0.0 0.1140374001278542 0.0 0.006414181151325238 0.0 0.1140374001278542 0.0
83 0.9978125020861626 0.0 0.9723500084877014 0.0 0.006389007065126862 0.0 0.1233745691285003 0.0 0.006389007065126862 0.0 0.1233745691285003 0.0
84 0.9977875020354986 0.0 0.9733000123500823 0.0 0.006443613945760376 0.0 0.11472362084314228 0.0 0.006443613945760376 0.0 0.11472362084314228 0.0
85 0.9975500022619963 0.0 0.9695500081777573 0.0 0.006485915918653404 0.0 0.1407754021207802 0.0 0.006485915918653404 0.0 0.1407754021207802 0.0
86 0.9981250017881393 0.0 0.9730000111460686 0.0 0.005354665081640064 0.0 0.12196063300361856 0.0 0.005354665081640064 0.0 0.12196063300361856 0.0
87 0.9981750017404556 0.0 0.9728500095009803 0.0 0.005672910008270549 0.0 0.12043136930093169 0.0 0.005672910008270549 0.0 0.12043136930093169 0.0
88 0.9979750019311905 0.0 0.972150009572506 0.0 0.005762432855475481 0.0 0.12900919680250808 0.0 0.005762432855475481 0.0 0.12900919680250808 0.0
89 0.9983125016093254 0.0 0.9732500100135804 0.0 0.00518553963209115 0.0 0.1224899456766434 0.0 0.00518553963209115 0.0 0.1224899456766434 0.0
90 0.9980875018239022 0.0 0.9721000081300736 0.0 0.006107963976389783 0.0 0.1235016603465192 0.0 0.006107963976389783 0.0 0.1235016603465192 0.0
91 0.9981625017523765 0.0 0.9733500099182129 0.0 0.0055194172256884146 0.0 0.1281946430215612 0.0 0.0055194172256884146 0.0 0.1281946430215612 0.0
92 0.9980375018715858 0.0 0.9732000091671944 0.0 0.005541340526822438 0.0 0.1186313395248726 0.0 0.005541340526822438 0.0 0.1186313395248726 0.0
93 0.9982000017166137 0.0 0.9729000076651573 0.0 0.0049589224105133665 0.0 0.1210917607950978 0.0 0.0049589224105133665 0.0 0.1210917607950978 0.0
94 0.9980875018239022 0.0 0.9726000106334687 0.0 0.005621670880468627 0.0 0.12814359880285336 0.0 0.005621670880468627 0.0 0.12814359880285336 0.0
95 0.998225001692772 0.0 0.972250008881092 0.0 0.00511220516052191 0.0 0.1153430865239352 0.0 0.00511220516052191 0.0 0.1153430865239352 0.0
96 0.9981875015795231 0.0 0.9732000094652176 0.0 0.005326482957655116 0.0 0.11554443421540782 0.0 0.005326482957655116 0.0 0.11554443421540782 0.0
97 0.9982625016570091 0.0 0.9721500077843666 0.0 0.004900306581228904 0.0 0.1313241113559343 0.0 0.004900306581228904 0.0 0.1313241113559343 0.0
98 0.9983375015854835 0.0 0.9715500089526177 0.0 0.00496356406463633 0.0 0.13084002191433683 0.0 0.00496356406463633 0.0 0.13084002191433683 0.0
99 0.9986625012755393 0.0 0.9718500101566314 0.0 0.004445493011319286 0.0 0.14613748118979855 0.0 0.004445493011319286 0.0 0.14613748118979855 0.0
